,Unnamed: 0,EPIC,Unnamed: 0.1,angDist,gmag,rmag,imag,zmag,ymag,J,H,K,RAJ2000,DEJ2000,Class,spec_class,T,logT,BCv,Mv,logL,B-V,Bt-Vt,V-G,U-B,V-Rc,V-Ic,V-Ks,J-H,H-K,Ks-W1,W1-W2,W1-W3,W1-W4,Msun,logAge,b-y,M_J,M_Ks,Mbol,i-z,z-Y,R_Rsun,#SpT.1,lum_class,u_g,g_r,r_i,i_z,z_J,J_H,H_K,Jmag_abs,T_err,R_Rsun_err,Mbol_err,58,L_quiet,L_quiet_bol,L_quiet_err,L_quiet_bol_err,r_z,J_K,g_z,g_i,J-K,SDSS_g,PS1_g,SDSS_r,PS1_r,SDSS_i,PS1_i,SDSS_z,PS1_z,SDSS_y,PS1_y,thresh20p
0,0,211389428,66.0,0.294437,18.1524,17.0579,16.5692,16.3542,16.2506,15.11,14.472999999999999,14.287,132.742179,11.473550999999999,M,M0,3870.0,3.588,-1.16,8.91,-1.2,1.4080000000000001,1.6230000000000002,0.8320000000000001,1.204,0.889,1.766,3.68,0.626,0.193,0.122,,,,0.6,,,6.04,5.22,7.75,0.33,,0.5589999999999999,M0V,V  ,2.65,1.31,0.64,0.38,1.29,0.68,0.15,5.72,69.99999999736431,0.1118,0.08000000000000007,,3.3278371931832423e+30,3.752590928470313e+30,1.0087642760722682e+30,6.912527945600352e+29,0.7037000000000013,0.8229999999999986,1.7982000000000014,1.5832000000000015,0.8229999999999986,18.344326479920575,18.1524,17.089563962229054,17.0579,16.56448012440761,16.5692,16.30033704936852,16.3542,16.32909162984908,16.2506,301.9732749377804
1,1,211389537,57.0,0.239662,16.3605,15.6824,15.43,15.3466,15.284,14.299000000000001,13.821,13.764000000000001,132.734254,11.475449000000001,SM,K1,5170.0,3.713,-0.26,5.89,-0.36,0.847,0.976,0.301,0.491,0.457,0.879,2.021,0.402,0.094,0.03,-0.064,-0.038,-0.013000000000000001,0.85,,,4.47,3.97,5.65,,,0.8140000000000001,K1V,,,,,,,,,,120.13880860480478,0.16280000000000006,0.10000000000000007,,3.189628101405974e+31,4.724232079919543e+32,9.779213863473745e+30,1.0877946363067007e+32,0.3357999999999989,0.5350000000000001,1.0138999999999978,0.9304999999999986,0.5350000000000001,16.489750058584654,16.3605,15.715924054035744,15.6824,15.421917831962626,15.43,15.311092947656135,15.3466,15.318995815812526,15.284,78.78625636219185
2,2,211389931,64.0,0.259116,18.0779,16.9924,16.523,16.3186,16.1797,15.104000000000001,14.549000000000001,14.409,132.54853300000002,11.481864,M,K8,4000.0,3.602,-1.03,8.47,-1.1,1.3559999999999999,1.5619999999999998,0.7509999999999999,1.216,0.843,1.632,3.487,0.623,0.17600000000000002,0.081,,,,0.63,,,5.78,4.98,7.44,,,0.5870000000000001,K8V,,,,,,,,,,65.06407098365453,0.11740000000000002,0.13000000000000034,,4.388824163257169e+30,7.661807289480494e+30,1.2739350639832152e+30,2.2934552225196235e+30,0.6738,0.6950000000000003,1.7592999999999996,1.5549,0.6950000000000003,18.267320351496803,18.0779,17.024204996667752,16.9924,16.518104304791606,16.523,16.265538064963273,16.3186,16.256381449344374,16.1797,300.6780487009176
3,3,211390071,67.0,0.091468,18.2958,17.1613,16.6625,16.4478,16.2979,15.323,14.524000000000001,14.300999999999998,133.117228,11.48442,M,M0.5,3800.0,3.58,-1.38,9.2,-1.27,1.4409999999999998,,0.902,1.1840000000000002,0.924,1.886,3.84,0.62,0.20800000000000002,0.13,,,,0.56,,,6.19,5.36,7.9,0.37,,0.535,M0.5V,,,,,,,,,,85.44003745101017,0.107,0.08000000000000007,,2.7441861672404844e+30,2.656630928328716e+30,9.064164601647388e+29,4.893695018525311e+29,0.7134999999999998,1.022000000000002,1.8479999999999992,1.6332999999999984,1.022000000000002,18.492121181429514,18.2958,17.192716267670246,17.1613,16.65809965861946,16.6625,16.392493287506273,16.4478,16.379646775824078,16.2979,433.89771670705045
4,4,211390107,51.0,0.218731,14.6696,14.2708,14.1499,14.1448,14.1199,13.306,12.968,12.886,133.128158,11.484909,SM,G5,5660.0,3.753,-0.13,4.98,-0.05,0.68,0.764,0.225,0.185,0.377,0.738,1.635,0.31,0.076,0.027999999999999997,-0.052000000000000005,-0.040999999999999995,-0.013999999999999999,0.98,,,3.74,3.35,4.84,,,0.982,G5V,V  ,1.49,0.49,0.16,0.06,0.78,0.29,0.03,3.54,47.258156258881655,0.1964,0.029999999999999805,,7.330444512198243e+31,3.0502204213412435e+33,1.727843339061411e+31,2.107017621757896e+32,0.12599999999999945,0.4199999999999999,0.5248000000000008,0.5197000000000003,0.4199999999999999,14.753347672721185,14.6696,14.301478203563681,14.2708,14.140181953433215,14.1499,14.124744104647482,14.1448,14.114608144164903,14.1199,35.8525159758021
5,5,211391125,56.0,0.169882,15.9295,15.3434,15.1351,15.064,15.003,14.065,13.638,13.626,132.632722,11.502091,SM,K0,5280.0,3.723,-0.22,5.76,-0.33,0.816,0.9440000000000001,0.28600000000000003,0.436,0.44299999999999995,0.853,1.953,0.387,0.091,0.03,-0.063,-0.037000000000000005,-0.015,0.87,,,4.29,3.81,5.54,,,0.8170000000000001,K0V,V  ,1.68,0.62,0.22,0.07,0.84,0.47,0.07,4.17,86.21678104048753,0.16340000000000002,0.10000000000000007,,3.701443634493218e+31,6.085989859050679e+32,1.0122451715866833e+31,1.401350952556304e+32,0.2794000000000008,0.4390000000000001,0.8655000000000008,0.7944000000000013,0.4390000000000001,16.04424700615414,15.9295,15.376489486909986,15.3434,15.126451860293665,15.1351,15.033015931764586,15.064,15.026473135691454,15.003,59.2045531000908
6,6,211391208,66.0,0.184155,19.1113,17.9016,17.2265,16.9349,16.7626,15.706,14.979000000000001,14.849,132.623992,11.503514,M,M0,3870.0,3.588,-1.16,8.91,-1.2,1.4080000000000001,1.6230000000000002,0.8320000000000001,1.204,0.889,1.766,3.68,0.626,0.193,0.122,,,,0.6,,,6.04,5.22,7.75,0.33,,0.5589999999999999,M0V,V  ,2.65,1.31,0.64,0.38,1.29,0.68,0.15,5.72,69.99999999736431,0.1118,0.08000000000000007,,3.3278371931832423e+30,3.752590928470313e+30,1.0087642760722682e+30,6.912527945600352e+29,0.9666999999999994,0.8569999999999993,2.176400000000001,1.8847999999999985,0.8569999999999993,19.328918223385234,19.1113,17.931950744017552,17.9016,17.22387807361499,17.2265,16.871626460752687,16.9349,16.862274518185245,16.7626,802.3428475321931
7,7,211391297,67.0,0.089414,17.6376,16.6248,16.1543,15.9295,15.7977,14.735999999999999,14.128,13.877,132.665719,11.505111,M,M0.5,3800.0,3.58,-1.38,9.2,-1.27,1.4409999999999998,,0.902,1.1840000000000002,0.924,1.886,3.84,0.62,0.20800000000000002,0.13,,,,0.56,,,6.19,5.36,7.9,0.37,,0.535,M0.5V,,,,,,,,,,85.44003745101017,0.107,0.08000000000000007,,2.7441861672404844e+30,2.656630928328716e+30,9.064164601647388e+29,4.893695018525311e+29,0.6952999999999996,0.8589999999999982,1.7080999999999982,1.4832999999999998,0.8589999999999982,17.82060141413109,17.6376,16.656959439832463,16.6248,16.14897392663417,16.1543,15.878427393135722,15.9295,15.86986749472938,15.7977,1074.7371236468675
8,8,211391564,71.0,0.418259,19.1401,17.9102,17.2228,16.9186,16.7276,15.585999999999999,14.940999999999999,14.554,132.75913799999998,11.509701,M,M2.5,3500.0,3.544,-1.76,10.7,-1.68,1.5219999999999998,,1.179,1.175,1.041,2.306,4.43,0.589,0.244,0.11699999999999999,,,,0.44,,,7.01,6.27,8.94,0.57,,0.39299999999999996,M2.5V,V  ,2.74,1.47,1.01,0.63,1.32,0.66,0.18,6.51,70.94598884334107,0.0786,0.14499999999999955,,8.912155551898872e+29,2.4228762028039462e+29,2.899752914200289e+29,8.089374008782233e+28,0.9915999999999984,1.0319999999999985,2.221499999999999,1.917300000000001,1.0319999999999985,19.36038298072032,19.1401,17.940451906074603,17.9102,17.22043089474441,17.2228,16.85418199013342,16.9186,16.829859615446804,16.7276,935.942215776853
9,9,211391621,60.0,0.051851,16.6798,15.8258,15.4755,15.3243,15.2148,14.140999999999998,13.583,13.479000000000001,132.78845,11.510675,SM,K4,4620.0,3.665,-0.55,7.04,-0.71,1.1,1.306,0.47700000000000004,1.004,0.64,1.19,2.733,0.544,0.125,0.039,-0.073,-0.031,0.009000000000000001,0.73,,,4.98,4.31,6.48,,,0.6890000000000001,K4V,V  ,2.21,1.0,0.38,0.16,1.01,0.59,0.1,5.21,209.99999999914507,0.1378,0.16000000000000014,,1.3393987013041351e+31,6.987651297062333e+31,5.700977555370194e+30,2.574345873865e+31,0.5015000000000001,0.6619999999999973,1.3555000000000008,1.2043,0.6619999999999973,16.83664987094672,16.6798,15.859101235591966,15.8258,15.468673029329837,15.4755,15.280799292033588,15.3243,15.269374233364005,15.2148,98.21150215385424
10,10,211392234,50.0,0.16963,14.3473,13.9788,13.8751,13.8734,13.8587,13.009,12.75,12.642999999999999,132.73006,11.520703,SM,G4,5680.0,3.754,-0.13,4.94,-0.04,0.674,0.757,0.222,0.175,0.374,0.733,1.621,0.307,0.075,0.027999999999999997,-0.052000000000000005,-0.040999999999999995,-0.013999999999999999,0.99,,,3.7,3.32,4.8,,,0.986,G4V,,,,,,,,,,30.55050462741207,0.1972,0.03000000000000025,,7.516793076292366e+31,3.3445001854313527e+33,1.6752112140178082e+31,2.3102988811470355e+32,0.1053999999999995,0.36600000000000144,0.4739000000000004,0.4722000000000008,0.36600000000000144,14.425440363803938,14.3473,14.008814049203966,13.9788,13.865202704835127,13.8751,13.855540185214872,13.8734,13.84751600436492,13.8587,32.401276186829044
11,11,211392455,67.0,0.286819,19.8071,18.5461,17.6933,17.3079,17.1287,16.102,15.262,15.144,132.809724,11.523882,M,M0.5,3800.0,3.58,-1.38,9.2,-1.27,1.4409999999999998,,0.902,1.1840000000000002,0.924,1.886,3.84,0.62,0.20800000000000002,0.13,,,,0.56,,,6.19,5.36,7.9,0.37,,0.535,M0.5V,,,,,,,,,,85.44003745101017,0.107,0.08000000000000007,,2.7441861672404844e+30,2.656630928328716e+30,9.064164601647388e+29,4.893695018525311e+29,1.2381999999999989,0.9580000000000002,2.4991999999999983,2.1137999999999977,0.9580000000000002,20.04310825077173,19.8071,18.576064388819606,18.5461,17.69258419102164,17.6933,17.235809451844162,17.3079,17.248425770341758,17.1287,2195.3210939587416
12,12,211392789,55.0,0.16058,15.2182,14.7437,14.5923,14.5558,14.504000000000001,13.64,13.262,13.148,132.89841,11.529765,BM,G9,5340.0,3.728,-0.21,5.55,-0.25,0.777,0.894,0.267,0.358,0.423,0.82,1.861,0.365,0.087,0.028999999999999998,-0.06,-0.038,-0.018000000000000002,0.9,,,4.14,3.69,5.34,,,0.8759999999999999,G9V,,,,,,,,,,108.16653826230892,0.1752,0.09499999999999977,,4.473702464377127e+31,9.645643896996797e+32,1.298580190058063e+31,2.109942005707607e+32,0.18790000000000084,0.4920000000000009,0.6623999999999999,0.6258999999999997,0.4920000000000009,15.314215931980419,15.2182,14.775584110165243,14.7437,14.582987258627947,14.5923,14.531185426290586,14.5558,14.510835272752605,14.504000000000001,49.01480380836713
13,13,211392859,69.0,0.207675,18.84,17.5982,16.8206,16.4811,16.3062,15.17,14.585,14.283,132.643239,11.530636999999999,M,M1.5,3650.0,3.562,-1.57,9.97,-1.47,1.486,,1.03,1.17,0.978,2.089,4.12,0.607,0.228,0.105,,,,0.5,,,6.69,5.85,8.4,0.47,,0.46,M1.5V,,,,,,,,,,76.37626158016221,0.092,0.17499999999999982,,1.5665575864231329e+30,8.401004635966278e+29,5.096503230300147e+29,3.385204907166215e+29,1.117099999999997,0.8870000000000005,2.3588999999999984,2.019400000000001,0.8870000000000005,19.06853407864673,18.84,17.62822886075132,17.5982,16.81906247357,16.8206,16.41286820224488,16.4811,16.417109929016384,16.3062,410.5908622987142
14,14,211392899,66.0,0.307384,17.5185,16.5483,16.171,16.0076,15.8973,14.814,14.249,14.052,133.09593999999998,11.53128,M,M0,3870.0,3.588,-1.16,8.91,-1.2,1.4080000000000001,1.6230000000000002,0.8320000000000001,1.204,0.889,1.766,3.68,0.626,0.193,0.122,,,,0.6,,,6.04,5.22,7.75,0.33,,0.5589999999999999,M0V,V  ,2.65,1.31,0.64,0.38,1.29,0.68,0.15,5.72,69.99999999736431,0.1118,0.08000000000000007,,3.3278371931832423e+30,3.752590928470313e+30,1.0087642760722682e+30,6.912527945600352e+29,0.5407000000000011,0.7620000000000005,1.5108999999999997,1.3475,0.7620000000000005,17.68900631491828,17.5185,16.581085283781565,16.5483,16.164910705172186,16.171,15.96021277873281,16.0076,15.961003419559214,15.8973,279.106091224756
15,15,211393067,65.0,0.14816500000000002,17.2571,16.374000000000002,15.9286,15.7078,15.5741,14.592,13.965,13.790999999999999,133.085527,11.534125999999999,M,K9,3940.0,3.595,-1.1,8.69,-1.18,1.382,1.5930000000000002,0.7909999999999999,1.21,0.866,1.699,3.5839999999999996,0.625,0.184,0.10099999999999999,,,,0.61,,,5.92,5.11,7.59,,,0.552,K9V,,,,,,,,,,65.06407098364788,0.1104,0.13000000000000034,,3.445833136046475e+30,5.424144171351381e+30,1.0090987698143525e+30,1.6236419564565546e+30,0.6662000000000017,0.8010000000000019,1.5493000000000006,1.3285000000000018,0.8010000000000019,17.425823403468648,17.2571,16.406864284486627,16.374000000000002,15.922409075750993,15.9286,15.660925178295289,15.7078,15.636613104307889,15.5741,218.93594040627923
16,16,211393422,67.0,0.26266300000000004,18.1618,17.055,16.5538,16.3446,16.2087,15.113,14.395,14.196,132.805199,11.540296000000001,M,M0.5,3800.0,3.58,-1.38,9.2,-1.27,1.4409999999999998,,0.902,1.1840000000000002,0.924,1.886,3.84,0.62,0.20800000000000002,0.13,,,,0.56,,,6.19,5.36,7.9,0.37,,0.535,M0.5V,,,,,,,,,,85.44003745101017,0.107,0.08000000000000007,,2.7441861672404844e+30,2.656630928328716e+30,9.064164601647388e+29,4.893695018525311e+29,0.7103999999999999,0.9169999999999998,1.8172,1.6080000000000003,0.9169999999999998,18.35590854007296,18.1618,17.08654084855296,17.055,16.549236955432956,16.5538,16.2900267762432,16.3446,16.288794071249914,16.2087,305.02020679036417
17,17,211394185,59.0,0.131854,16.0588,15.3045,15.0169,14.8855,14.798,13.834000000000001,13.287,13.184000000000001,132.839537,11.552024000000001,SM,K3,4830.0,3.684,-0.41,6.57,-0.58,0.98,1.15,0.376,0.7759999999999999,0.537,1.013,2.38,0.483,0.109,0.033,-0.071,-0.031,-0.008,0.78,,,4.76,4.16,6.16,,,0.7290000000000001,K3V,V  ,2.1,0.85,0.32,0.13,0.99,0.58,0.01,4.94,209.99999999915192,0.1458,0.14000000000000012,,1.9224915655288019e+31,1.459927281870955e+32,7.876361928480843e+30,4.706249514527933e+31,0.4190000000000005,0.6500000000000004,1.1733000000000011,1.0419000000000018,0.6500000000000004,16.199525474523718,16.0588,15.338085255843326,15.3045,15.009307136723635,15.0169,14.846602247039677,14.8855,14.84143301672534,14.798,74.64865227638828
18,18,211394279,65.0,0.26600300000000004,18.4369,17.337,16.8306,16.6219,16.4884,15.382,14.800999999999998,14.629000000000001,132.763827,11.553339,M,K9,3940.0,3.595,-1.1,8.69,-1.18,1.382,1.5930000000000002,0.7909999999999999,1.21,0.866,1.699,3.5839999999999996,0.625,0.184,0.10099999999999999,,,,0.61,,,5.92,5.11,7.59,,,0.552,K9V,,,,,,,,,,65.06407098364788,0.1104,0.13000000000000034,,3.445833136046475e+30,5.424144171351381e+30,1.0090987698143525e+30,1.6236419564565546e+30,0.7150999999999996,0.7529999999999983,1.8150000000000013,1.606300000000001,0.7529999999999983,18.630859380831648,18.4369,17.368549262269422,17.337,16.826026121566585,16.8306,16.567375730482578,16.6219,16.568383696057566,16.4884,405.986852699546
19,19,211394534,58.0,0.190458,16.2087,15.57,15.3396,15.2711,15.2163,14.245,13.779000000000002,13.682,132.762225,11.557072999999999,M,K2,5040.0,3.702,-0.29,6.19,-0.47,0.884,1.035,0.326,0.581,0.48200000000000004,0.92,2.1319999999999997,0.4270000000000001,0.098,0.031,-0.068,-0.037000000000000005,-0.009000000000000001,0.82,,,4.57,4.04,5.88,,,0.763,K2V,V  ,1.95,0.78,0.24,0.11,0.99,0.51,0.07,4.5,171.56145643173974,0.1526,0.11499999999999976,,2.590843001718146e+31,2.7818340866879635e+32,9.295182171823656e+30,7.366221154068958e+31,0.2988999999999997,0.5629999999999988,0.9375999999999998,0.8690999999999995,0.5629999999999988,16.33147442085247,16.2087,15.603381416840007,15.57,15.331258626685756,15.3396,15.237574580173195,15.2711,15.246282236493087,15.2163,70.29886712886328
20,20,211394537,48.0,0.074621,14.3749,14.0395,13.9223,13.9397,13.9162,13.099,12.797,12.797,132.537562,11.55723,SM,G2,5770.0,3.761,-0.11,4.79,0.01,0.65,0.7240000000000001,0.212,0.133,0.363,0.713,1.564,0.293,0.073,0.027999999999999997,-0.05,-0.04,-0.016,1.02,9.8,,3.57,3.2,4.68,,,1.01,G2V,V  ,1.37,0.45,0.16,0.04,0.84,0.35,0.0,3.45,81.85352771663348,0.202,0.13999999999999968,,8.354565956704591e+31,4.408909906548035e+33,2.1692213206801313e+31,1.4212646318039756e+33,0.09980000000000012,0.3019999999999996,0.4352,0.4526000000000003,0.3019999999999996,14.450704560356145,14.3749,14.069216246759956,14.0395,13.912328975051675,13.9223,13.922776690191373,13.9397,13.902494843703687,13.9162,35.58028339130974
21,21,211394542,66.0,0.249586,18.6405,17.4628,16.8598,16.5977,16.44,15.364,14.659,14.552999999999999,132.674803,11.557317,M,M0,3870.0,3.588,-1.16,8.91,-1.2,1.4080000000000001,1.6230000000000002,0.8320000000000001,1.204,0.889,1.766,3.68,0.626,0.193,0.122,,,,0.6,,,6.04,5.22,7.75,0.33,,0.5589999999999999,M0V,V  ,2.65,1.31,0.64,0.38,1.29,0.68,0.15,5.72,69.99999999736431,0.1118,0.08000000000000007,,3.3278371931832423e+30,3.752590928470313e+30,1.0087642760722682e+30,6.912527945600352e+29,0.8651000000000018,0.8110000000000017,2.0428,1.7806999999999995,0.8110000000000017,18.849452068879305,18.6405,17.493538885234944,17.4628,16.85640492774563,16.8598,16.537896521754007,16.5977,16.531858909587978,16.44,361.3053456737047
22,22,211394644,48.0,0.13667200000000002,15.0389,14.5987,14.4631,14.4435,14.411,13.525,13.187999999999999,13.158,132.788716,11.55916,SM,G2,5770.0,3.761,-0.11,4.79,0.01,0.65,0.7240000000000001,0.212,0.133,0.363,0.713,1.564,0.293,0.073,0.027999999999999997,-0.05,-0.04,-0.016,1.02,9.8,,3.57,3.2,4.68,,,1.01,G2V,V  ,1.37,0.45,0.16,0.04,0.84,0.35,0.0,3.45,81.85352771663348,0.202,0.13999999999999968,,8.354565956704591e+31,4.408909906548035e+33,2.1692213206801313e+31,1.4212646318039756e+33,0.1551999999999989,0.3670000000000009,0.5953999999999997,0.5757999999999992,0.3670000000000009,15.129174063410106,15.0389,14.630061638088875,14.5987,14.453595104185718,14.4631,14.420978091971142,14.4435,14.412287361835887,14.411,41.26548530884847
23,23,211394919,66.0,0.267282,18.9,17.7079,17.0789,16.8044,16.6381,15.507,14.924000000000001,14.529000000000002,133.017728,11.563544,M,M0,3870.0,3.588,-1.16,8.91,-1.2,1.4080000000000001,1.6230000000000002,0.8320000000000001,1.204,0.889,1.766,3.68,0.626,0.193,0.122,,,,0.6,,,6.04,5.22,7.75,0.33,,0.5589999999999999,M0V,V  ,2.65,1.31,0.64,0.38,1.29,0.68,0.15,5.72,69.99999999736431,0.1118,0.08000000000000007,,3.3278371931832423e+30,3.752590928470313e+30,1.0087642760722682e+30,6.912527945600352e+29,0.9034999999999976,0.977999999999998,2.0955999999999966,1.8210999999999973,0.977999999999998,19.112339414990014,18.9,17.738476683760656,17.7079,17.0757984857676,17.0789,16.743283056944616,16.8044,16.732914008180796,16.6381,947.4106175341326
24,24,211395037,55.0,0.129537,15.5183,15.0177,14.8359,14.8091,14.7572,13.835999999999999,13.464,13.374,132.487529,11.565085,SM,G9,5340.0,3.728,-0.21,5.55,-0.25,0.777,0.894,0.267,0.358,0.423,0.82,1.861,0.365,0.087,0.028999999999999998,-0.06,-0.038,-0.018000000000000002,0.9,,,4.14,3.69,5.34,,,0.8759999999999999,G9V,,,,,,,,,,108.16653826230892,0.1752,0.09499999999999977,,4.473702464377127e+31,9.645643896996797e+32,1.298580190058063e+31,2.109942005707607e+32,0.2085999999999988,0.46199999999999797,0.7091999999999992,0.6823999999999995,0.46199999999999797,15.620695154629331,15.5183,15.050079327455569,15.0177,14.826806566324052,14.8359,14.782240781685607,14.8091,14.769944924873506,14.7572,74.40492681399203
25,25,211395281,66.0,0.246372,19.0554,17.8331,17.1588,16.8646,16.6866,15.622,14.845,14.832,133.02080700000002,11.568821,M,M0,3870.0,3.588,-1.16,8.91,-1.2,1.4080000000000001,1.6230000000000002,0.8320000000000001,1.204,0.889,1.766,3.68,0.626,0.193,0.122,,,,0.6,,,6.04,5.22,7.75,0.33,,0.5589999999999999,M0V,V  ,2.65,1.31,0.64,0.38,1.29,0.68,0.15,5.72,69.99999999736431,0.1118,0.08000000000000007,,3.3278371931832423e+30,3.752590928470313e+30,1.0087642760722682e+30,6.912527945600352e+29,0.9685000000000024,0.7899999999999991,2.1907999999999994,1.8966,0.7899999999999991,19.273987929070834,19.0554,17.863413471150842,17.8331,17.156269221004962,17.1588,16.800914544546202,16.8646,16.787204434828308,16.6866,966.4704648170353
26,26,211395492,70.0,0.27812800000000004,19.6211,18.3986,17.5798,17.2281,17.0225,15.845999999999998,15.142999999999999,14.875,132.614542,11.572469,M,M2,3550.0,3.55,-1.65,10.3,-1.57,1.5,,1.0859999999999999,1.17,1.001,2.173,4.24,0.6,0.23399999999999999,0.11,,,,0.48,,,6.89,6.06,8.65,0.53,,0.434,M2V,V  ,2.59,1.43,0.85,0.52,1.33,0.69,0.15,6.23,76.37626158015652,0.0868,0.125,,1.1620251549648296e+30,4.724232079919543e+29,3.857144558204613e+29,1.3597432953833746e+29,1.170499999999997,0.9709999999999984,2.392999999999997,2.0413,0.9709999999999984,19.851380900947646,19.6211,18.428600671961483,18.3986,17.578448466903893,17.5798,17.159003224578328,17.2281,17.135380315435775,17.0225,1201.5674112202864
27,27,211395555,58.0,0.198861,16.2732,15.6088,15.3444,15.2404,15.1559,14.159,13.662,13.583,133.03721000000002,11.573469000000001,M,K2,5040.0,3.702,-0.29,6.19,-0.47,0.884,1.035,0.326,0.581,0.48200000000000004,0.92,2.1319999999999997,0.4270000000000001,0.098,0.031,-0.068,-0.037000000000000005,-0.009000000000000001,0.82,,,4.57,4.04,5.88,,,0.763,K2V,V  ,1.95,0.78,0.24,0.11,0.99,0.51,0.07,4.5,171.56145643173974,0.1526,0.11499999999999976,,2.590843001718146e+31,2.7818340866879635e+32,9.295182171823656e+30,7.366221154068958e+31,0.3684000000000012,0.5760000000000005,1.0328,0.928799999999999,0.5760000000000005,16.402272228867446,16.2732,15.642321210584564,15.6088,15.336310561647606,15.3444,15.204946632639539,15.2404,15.190760758461034,15.1559,88.22111305765469
28,28,211395606,64.0,0.224964,17.4704,16.5138,16.1389,15.9762,15.8672,14.85,14.205,14.064,132.909719,11.574363,M,K8,4000.0,3.602,-1.03,8.47,-1.1,1.3559999999999999,1.5619999999999998,0.7509999999999999,1.216,0.843,1.632,3.487,0.623,0.17600000000000002,0.081,,,,0.63,,,5.78,4.98,7.44,,,0.5870000000000001,K8V,,,,,,,,,,65.06407098365453,0.11740000000000002,0.13000000000000034,,4.388824163257169e+30,7.661807289480494e+30,1.2739350639832152e+30,2.2934552225196235e+30,0.5375999999999994,0.7859999999999996,1.4942000000000009,1.331500000000002,0.7859999999999996,17.639405495464004,17.4704,16.546651991082285,16.5138,16.132725042612908,16.1389,15.929244260945213,15.9762,15.92990132611366,15.8672,178.1350409846783
29,29,211395620,58.0,0.230825,16.7131,15.962,15.6898,15.5862,15.5032,14.505,13.975,13.901,132.645012,11.574542,SM,K2,5040.0,3.702,-0.29,6.19,-0.47,0.884,1.035,0.326,0.581,0.48200000000000004,0.92,2.1319999999999997,0.4270000000000001,0.098,0.031,-0.068,-0.037000000000000005,-0.009000000000000001,0.82,,,4.57,4.04,5.88,,,0.763,K2V,V  ,1.95,0.78,0.24,0.11,0.99,0.51,0.07,4.5,171.56145643173974,0.1526,0.11499999999999976,,2.590843001718146e+31,2.7818340866879635e+32,9.295182171823656e+30,7.366221154068958e+31,0.3757999999999999,0.604000000000001,1.1269000000000011,1.0233000000000008,0.604000000000001,16.85193351211949,16.7131,15.995591269275101,15.962,15.682123579657814,15.6898,15.547852397866697,15.5862,15.545276894201017,15.5032,93.683660466408
30,30,211395699,51.0,0.15148,14.8935,14.4704,14.3403,14.3175,14.2847,13.437999999999999,13.097000000000001,13.029000000000002,132.897803,11.575582,SM,G5,5660.0,3.753,-0.13,4.98,-0.05,0.68,0.764,0.225,0.185,0.377,0.738,1.635,0.31,0.076,0.027999999999999997,-0.052000000000000005,-0.040999999999999995,-0.013999999999999999,0.98,,,3.74,3.35,4.84,,,0.982,G5V,V  ,1.49,0.49,0.16,0.06,0.78,0.29,0.03,3.54,47.258156258881655,0.1964,0.029999999999999805,,7.330444512198243e+31,3.0502204213412435e+33,1.727843339061411e+31,2.107017621757896e+32,0.15289999999999893,0.4089999999999971,0.5759999999999987,0.5532000000000004,0.4089999999999971,14.981157304591243,14.8935,14.501499125413725,14.4704,14.330709011680286,14.3403,14.295955444454766,14.3175,14.283384876757227,14.2847,38.87651203606298
31,31,211395891,66.0,0.20055,18.1494,17.0336,16.4704,16.2157,16.0627,14.944,14.273,14.095999999999998,132.614027,11.578649,M,M0,3870.0,3.588,-1.16,8.91,-1.2,1.4080000000000001,1.6230000000000002,0.8320000000000001,1.204,0.889,1.766,3.68,0.626,0.193,0.122,,,,0.6,,,6.04,5.22,7.75,0.33,,0.5589999999999999,M0V,V  ,2.65,1.31,0.64,0.38,1.29,0.68,0.15,5.72,69.99999999736431,0.1118,0.08000000000000007,,3.3278371931832423e+30,3.752590928470313e+30,1.0087642760722682e+30,6.912527945600352e+29,0.8179000000000016,0.8480000000000025,1.9337000000000013,1.6789999999999985,0.8480000000000025,18.34968416499537,18.1494,17.064795566781626,17.0336,16.466300671446618,16.4704,16.159042831152895,16.2157,16.14748564816999,16.0627,264.95620671433056
32,32,211395912,69.0,0.142993,19.2256,18.0734,17.1451,16.7472,16.527,15.290999999999999,14.635,14.536,133.144181,11.578942999999999,M,M1.5,3650.0,3.562,-1.57,9.97,-1.47,1.486,,1.03,1.17,0.978,2.089,4.12,0.607,0.228,0.105,,,,0.5,,,6.69,5.85,8.4,0.47,,0.46,M1.5V,,,,,,,,,,76.37626158016221,0.092,0.17499999999999982,,1.5665575864231329e+30,8.401004635966278e+29,5.096503230300147e+29,3.385204907166215e+29,1.3262,0.754999999999999,2.4784000000000006,2.0805000000000007,0.754999999999999,19.45898806113053,19.2256,18.1033697305035,18.0734,17.14408833686787,17.1451,16.676510077454886,16.7472,16.64351812723865,16.527,914.0166272861455
33,33,211395992,66.0,0.217872,18.2712,17.143,16.5606,16.3072,16.1356,15.019,14.34,14.192,132.462868,11.580241000000001,M,M0,3870.0,3.588,-1.16,8.91,-1.2,1.4080000000000001,1.6230000000000002,0.8320000000000001,1.204,0.889,1.766,3.68,0.626,0.193,0.122,,,,0.6,,,6.04,5.22,7.75,0.33,,0.5589999999999999,M0V,V  ,2.65,1.31,0.64,0.38,1.29,0.68,0.15,5.72,69.99999999736431,0.1118,0.08000000000000007,,3.3278371931832423e+30,3.752590928470313e+30,1.0087642760722682e+30,6.912527945600352e+29,0.835799999999999,0.8270000000000001,1.9639999999999984,1.7105999999999997,0.8270000000000001,18.474199474187838,18.2712,17.17404761970355,17.143,16.55671431565407,16.5606,16.24958758035076,16.3072,16.22253335820546,16.1356,1331.6473864863688
34,34,211396025,48.0,0.185382,14.2895,13.8412,13.6934,13.6793,13.6268,12.753,12.408,12.386,132.849821,11.580652,BM,G2,5770.0,3.761,-0.11,4.79,0.01,0.65,0.7240000000000001,0.212,0.133,0.363,0.713,1.564,0.293,0.073,0.027999999999999997,-0.05,-0.04,-0.016,1.02,9.8,,3.57,3.2,4.68,,,1.01,G2V,V  ,1.37,0.45,0.16,0.04,0.84,0.35,0.0,3.45,81.85352771663348,0.202,0.13999999999999968,,8.354565956704591e+31,4.408909906548035e+33,2.1692213206801313e+31,1.4212646318039756e+33,0.16190000000000104,0.3670000000000009,0.6102000000000007,0.5960999999999999,0.3670000000000009,14.382110360607085,14.2895,13.872783070793039,13.8412,13.683972731646238,13.6934,13.65591811540694,13.6793,13.630371442172999,13.6268,33.90372515950515
35,35,211396155,56.0,0.161653,15.2116,14.7438,14.594000000000001,14.562000000000001,14.5204,13.625,13.289000000000001,13.192,132.866268,11.582578999999999,SM,K0,5280.0,3.723,-0.22,5.76,-0.33,0.816,0.9440000000000001,0.28600000000000003,0.436,0.44299999999999995,0.853,1.953,0.387,0.091,0.03,-0.063,-0.037000000000000005,-0.015,0.87,,,4.29,3.81,5.54,,,0.8170000000000001,K0V,V  ,1.68,0.62,0.22,0.07,0.84,0.47,0.07,4.17,86.21678104048753,0.16340000000000002,0.10000000000000007,,3.701443634493218e+31,6.085989859050679e+32,1.0122451715866833e+31,1.401350952556304e+32,0.18179999999999907,0.43299999999999983,0.6495999999999995,0.6175999999999995,0.43299999999999983,15.306670263324593,15.2116,14.775603092959152,14.7438,14.58465528754987,14.594000000000001,14.537725270903193,14.562000000000001,14.526336693456733,14.5204,46.59239264378679
36,36,211396156,59.0,0.20113,16.104,15.4013,15.1083,15.0179,14.9371,13.888,13.353,13.241,132.73947900000002,11.582619000000001,M,K3,4830.0,3.684,-0.41,6.57,-0.58,0.98,1.15,0.376,0.7759999999999999,0.537,1.013,2.38,0.483,0.109,0.033,-0.071,-0.031,-0.008,0.78,,,4.76,4.16,6.16,,,0.7290000000000001,K3V,V  ,2.1,0.85,0.32,0.13,0.99,0.58,0.01,4.94,209.99999999915192,0.1458,0.14000000000000012,,1.9224915655288019e+31,1.459927281870955e+32,7.876361928480843e+30,4.706249514527933e+31,0.38340000000000174,0.6470000000000002,1.0861,0.9956999999999994,0.6470000000000002,16.240008476473697,16.104,15.434888665120154,15.4013,15.100501013923088,15.1083,14.980379816185412,15.0179,14.977127753517935,14.9371,77.00700720215701
37,37,211396493,51.0,0.172216,14.2782,13.922,13.8109,13.8149,13.7828,12.921,12.603,12.562999999999999,132.741072,11.587439999999999,SM,G5,5660.0,3.753,-0.13,4.98,-0.05,0.68,0.764,0.225,0.185,0.377,0.738,1.635,0.31,0.076,0.027999999999999997,-0.052000000000000005,-0.040999999999999995,-0.013999999999999999,0.98,,,3.74,3.35,4.84,,,0.982,G5V,V  ,1.49,0.49,0.16,0.06,0.78,0.29,0.03,3.54,47.258156258881655,0.1964,0.029999999999999805,,7.330444512198243e+31,3.0502204213412435e+33,1.727843339061411e+31,2.107017621757896e+32,0.10710000000000086,0.3580000000000005,0.4633000000000002,0.4672999999999998,0.3580000000000005,14.355757627544765,14.2782,13.95194092049343,13.922,13.800984261770743,13.8109,13.797272616570769,13.8149,13.770990728844586,13.7828,22.96196614725707
38,38,211396551,59.0,0.08759199999999999,16.5557,15.8444,15.5755,15.4829,15.4031,14.395,13.925,13.819,132.828559,11.588225,SM,K3,4830.0,3.684,-0.41,6.57,-0.58,0.98,1.15,0.376,0.7759999999999999,0.537,1.013,2.38,0.483,0.109,0.033,-0.071,-0.031,-0.008,0.78,,,4.76,4.16,6.16,,,0.7290000000000001,K3V,V  ,2.1,0.85,0.32,0.13,0.99,0.58,0.01,4.94,209.99999999915192,0.1458,0.14000000000000012,,1.9224915655288019e+31,1.459927281870955e+32,7.876361928480843e+30,4.706249514527933e+31,0.3614999999999995,0.5759999999999987,1.0728000000000009,0.9802000000000016,0.5759999999999987,16.690112652598025,16.5557,15.877980933350651,15.8444,15.567632902901012,15.5755,15.445850653694091,15.4829,15.441956666265213,15.4031,94.71495470779425
39,39,211396570,63.0,0.23594,17.4373,16.5017,16.1362,15.9943,15.8707,14.856,14.181,14.112,132.728173,11.588574000000001,M,K7,4070.0,3.61,-0.95,8.15,-0.98,1.308,1.506,0.688,1.2209999999999999,0.8059999999999999,1.5290000000000001,3.33,0.617,0.162,0.057,,,,0.65,,,5.6,4.82,7.18,,,0.654,K7V,V  ,2.56,1.34,0.54,0.3,1.01,0.6,0.11,5.77,117.89826122396376,0.1308,0.15500000000000025,,6.020849216393901e+30,1.3942197303171907e+31,2.155679742981379e+30,4.975979829449148e+30,0.5073999999999987,0.7439999999999998,1.4429999999999996,1.3011000000000017,0.7439999999999998,17.603436833462105,17.4373,16.53467321819425,16.5017,16.129864608999192,16.1362,15.948164778352256,15.9943,15.93148825643728,15.8707,255.07433008397024
40,40,211396661,66.0,0.157755,18.7456,17.5735,16.9705,16.6989,16.5393,15.402000000000001,14.752,14.661,133.075302,11.589812,M,M0,3870.0,3.588,-1.16,8.91,-1.2,1.4080000000000001,1.6230000000000002,0.8320000000000001,1.204,0.889,1.766,3.68,0.626,0.193,0.122,,,,0.6,,,6.04,5.22,7.75,0.33,,0.5589999999999999,M0V,V  ,2.65,1.31,0.64,0.38,1.29,0.68,0.15,5.72,69.99999999736431,0.1118,0.08000000000000007,,3.3278371931832423e+30,3.752590928470313e+30,1.0087642760722682e+30,6.912527945600352e+29,0.8746000000000009,0.7410000000000014,2.0467000000000013,1.7750999999999983,0.7410000000000014,18.954080070452726,18.7456,17.60426236889469,17.5735,16.967064869870537,16.9705,16.63927551187901,16.6989,16.630756414634487,16.5393,557.5008592172347
41,41,211396846,49.0,0.17028800000000002,14.2243,13.8743,13.775,13.7781,13.7624,12.918,12.696,12.550999999999998,132.980207,11.59264,SM,G3,5720.0,3.757,-0.12,4.86,-0.01,0.6609999999999999,0.7390000000000001,0.217,0.152,0.368,0.722,1.59,0.299,0.07400000000000001,0.027999999999999997,-0.05,-0.04,-0.013999999999999999,1.0,,,3.64,3.27,4.74,,,1.01,G3V,,,,,,,,,,45.0924975244228,0.202,0.13999999999999968,,8.084412725349285e+31,3.84e+33,1.886067167850175e+31,1.2378697459935962e+33,0.09619999999999962,0.3670000000000009,0.4461999999999993,0.4492999999999992,0.3670000000000009,14.299710010541515,14.2243,13.903964712095457,13.8743,13.765016571715071,13.775,13.761336157341502,13.7781,13.748265068272342,13.7624,32.15483283218757
42,42,211396891,64.0,0.213092,18.1957,17.0743,16.5079,16.2632,16.0843,14.98,14.387,14.232999999999999,132.40905800000002,11.593155,M,K8,4000.0,3.602,-1.03,8.47,-1.1,1.3559999999999999,1.5619999999999998,0.7509999999999999,1.216,0.843,1.632,3.487,0.623,0.17600000000000002,0.081,,,,0.63,,,5.78,4.98,7.44,,,0.5870000000000001,K8V,,,,,,,,,,65.06407098365453,0.11740000000000002,0.13000000000000034,,4.388824163257169e+30,7.661807289480494e+30,1.2739350639832152e+30,2.2934552225196235e+30,0.8110999999999997,0.7470000000000017,1.9324999999999968,1.6877999999999993,0.7470000000000017,18.39674235719632,18.1957,17.105453922535492,17.0743,16.503859708861125,16.5079,16.20627867164625,16.2632,16.16967966375159,16.0843,235.04919717322622
43,43,211397013,63.0,0.229945,18.0238,16.9437,16.4838,16.2953,16.1539,15.055,14.458,14.331,132.53878600000002,11.595008,M,K7,4070.0,3.61,-0.95,8.15,-0.98,1.308,1.506,0.688,1.2209999999999999,0.8059999999999999,1.5290000000000001,3.33,0.617,0.162,0.057,,,,0.65,,,5.6,4.82,7.18,,,0.654,K7V,V  ,2.56,1.34,0.54,0.3,1.01,0.6,0.11,5.77,117.89826122396376,0.1308,0.15500000000000025,,6.020849216393901e+30,1.3942197303171907e+31,2.155679742981379e+30,4.975979829449148e+30,0.6483999999999988,0.7240000000000002,1.7285000000000004,1.5400000000000027,0.7240000000000002,18.21189388712,18.0238,16.975579241120002,16.9437,16.47881305712,16.4838,16.2426561224,16.2953,16.229635204239994,16.1539,244.62383619280965
44,44,211397127,50.0,0.084307,14.3311,13.9811,13.8832,13.8785,13.8416,13.023,12.719000000000001,12.672,132.779706,11.596836,SM,G4,5680.0,3.754,-0.13,4.94,-0.04,0.674,0.757,0.222,0.175,0.374,0.733,1.621,0.307,0.075,0.027999999999999997,-0.052000000000000005,-0.040999999999999995,-0.013999999999999999,0.99,,,3.7,3.32,4.8,,,0.986,G4V,,,,,,,,,,30.55050462741207,0.1972,0.03000000000000025,,7.516793076292366e+31,3.3445001854313527e+33,1.6752112140178082e+31,2.3102988811470355e+32,0.10259999999999893,0.3509999999999991,0.4525999999999986,0.4478999999999989,0.3509999999999991,14.406342514307356,14.3311,14.010742726594653,13.9811,13.87321131050206,13.8832,13.861803967378476,13.8785,13.827282274415374,13.8416,103.30800788536548
45,45,211397319,53.0,0.221826,14.7722,14.3625,14.2397,14.2292,14.1895,13.343,13.024000000000001,12.942,132.777248,11.59971,SM,G7,5530.0,3.743,-0.16,5.18,-0.12,0.713,0.809,0.239,0.243,0.39299999999999996,0.7659999999999999,1.712,0.32899999999999996,0.08,0.027999999999999997,-0.054000000000000006,-0.04,-0.013000000000000001,0.96,,,3.88,3.47,5.02,,,0.9490000000000001,G7V,,,,,,,,,,50.33222956503416,0.1898,0.07000000000000027,,6.128461257007277e+31,2.015260647359129e+33,1.4675625845942996e+31,3.248216387574677e+32,0.1333000000000002,0.4009999999999998,0.5429999999999993,0.5325000000000006,0.4009999999999998,14.857445866664216,14.7722,14.393343580613436,14.3625,14.230030429222813,14.2397,14.208569571542187,14.2292,14.18574467879328,14.1895,34.90115882441956
46,46,211397501,63.0,0.147502,17.2872,16.2349,15.7886,15.5952,15.4536,14.43,13.734000000000002,13.651,132.834703,11.602608,M,K7,4070.0,3.61,-0.95,8.15,-0.98,1.308,1.506,0.688,1.2209999999999999,0.8059999999999999,1.5290000000000001,3.33,0.617,0.162,0.057,,,,0.65,,,5.6,4.82,7.18,,,0.654,K7V,V  ,2.56,1.34,0.54,0.3,1.01,0.6,0.11,5.77,117.89826122396376,0.1308,0.15500000000000025,,6.020849216393901e+30,1.3942197303171907e+31,2.155679742981379e+30,4.975979829449148e+30,0.6396999999999995,0.7789999999999999,1.6919999999999984,1.498599999999998,0.7789999999999999,17.471582626591974,17.2872,16.266984393005092,16.2349,15.783364194820411,15.7886,15.543706138929625,15.5952,15.526725915673218,15.4536,148.63035168861293
47,47,211397512,59.0,0.23817,16.5483,15.8149,15.5622,15.4516,15.3692,14.392999999999999,13.963,13.814,132.877289,11.602786,SM,K3,4830.0,3.684,-0.41,6.57,-0.58,0.98,1.15,0.376,0.7759999999999999,0.537,1.013,2.38,0.483,0.109,0.033,-0.071,-0.031,-0.008,0.78,,,4.76,4.16,6.16,,,0.7290000000000001,K3V,V  ,2.1,0.85,0.32,0.13,0.99,0.58,0.01,4.94,209.99999999915192,0.1458,0.14000000000000012,,1.9224915655288019e+31,1.459927281870955e+32,7.876361928480843e+30,4.706249514527933e+31,0.3633000000000006,0.5789999999999988,1.096700000000002,0.9861000000000004,0.5789999999999988,16.683320887602118,16.5483,15.848484419704445,15.8149,15.55435876910914,15.5622,15.414370890298207,15.4516,15.40850420765634,15.3692,113.23629307977384
48,48,211397837,66.0,0.18548,18.597,17.4144,16.7942,16.4821,16.3184,15.092,14.414000000000001,14.383,132.449329,11.607522,M,M0,3870.0,3.588,-1.16,8.91,-1.2,1.4080000000000001,1.6230000000000002,0.8320000000000001,1.204,0.889,1.766,3.68,0.626,0.193,0.122,,,,0.6,,,6.04,5.22,7.75,0.33,,0.5589999999999999,M0V,V  ,2.65,1.31,0.64,0.38,1.29,0.68,0.15,5.72,69.99999999736431,0.1118,0.08000000000000007,,3.3278371931832423e+30,3.752590928470313e+30,1.0087642760722682e+30,6.912527945600352e+29,0.9323000000000016,0.7090000000000014,2.1149000000000022,1.8028000000000013,0.7090000000000014,18.807808897820653,18.597,17.445048523256574,17.4144,16.790964511873213,16.7942,16.421582943827026,16.4821,16.41186398029361,16.3184,385.33409165788305
49,49,211397877,51.0,0.207433,14.4103,13.9616,13.8087,13.78,13.7443,12.854000000000001,12.505999999999998,12.439,132.929457,11.608008,SM,G5,5660.0,3.753,-0.13,4.98,-0.05,0.68,0.764,0.225,0.185,0.377,0.738,1.635,0.31,0.076,0.027999999999999997,-0.052000000000000005,-0.040999999999999995,-0.013999999999999999,0.98,,,3.74,3.35,4.84,,,0.982,G5V,V  ,1.49,0.49,0.16,0.06,0.78,0.29,0.03,3.54,47.258156258881655,0.1964,0.029999999999999805,,7.330444512198243e+31,3.0502204213412435e+33,1.727843339061411e+31,2.107017621757896e+32,0.1816000000000013,0.4150000000000009,0.6303000000000001,0.6015999999999995,0.4150000000000009,14.503541053790537,14.4103,13.993240762708295,13.9616,13.799293816025415,13.8087,13.756387974107545,13.78,13.748481723845265,13.7443,27.895075432745667
50,50,211397955,60.0,0.068442,17.0212,16.1832,15.8715,15.7417,15.636,14.605,14.07,13.932,133.080397,11.609539999999999,M,K4,4620.0,3.665,-0.55,7.04,-0.71,1.1,1.306,0.47700000000000004,1.004,0.64,1.19,2.733,0.544,0.125,0.039,-0.073,-0.031,0.009000000000000001,0.73,,,4.98,4.31,6.48,,,0.6890000000000001,K4V,V  ,2.21,1.0,0.38,0.16,1.01,0.59,0.1,5.21,209.99999999914507,0.1378,0.16000000000000014,,1.3393987013041351e+31,6.987651297062333e+31,5.700977555370194e+30,2.574345873865e+31,0.4414999999999996,0.6729999999999999,1.2795000000000003,1.149700000000001,0.6729999999999999,17.17270640481377,17.0212,16.216638932086642,16.1832,15.864407822675677,15.8715,15.699713308394589,15.7417,15.686950353002146,15.636,173.14458298472908
51,51,211398025,53.0,0.181573,15.4721,14.9906,14.8257,14.7813,14.7396,13.823,13.485999999999999,13.408,133.181175,11.610515,SM,G7,5530.0,3.743,-0.16,5.18,-0.12,0.713,0.809,0.239,0.243,0.39299999999999996,0.7659999999999999,1.712,0.32899999999999996,0.08,0.027999999999999997,-0.054000000000000006,-0.04,-0.013000000000000001,0.96,,,3.88,3.47,5.02,,,0.9490000000000001,G7V,,,,,,,,,,50.33222956503416,0.1898,0.07000000000000027,,6.128461257007277e+31,2.015260647359129e+33,1.4675625845942996e+31,3.248216387574677e+32,0.2093000000000007,0.4150000000000009,0.6907999999999994,0.6463999999999999,0.4150000000000009,15.570442201868778,15.4721,15.022675017802221,14.9906,14.8164664808371,14.8257,14.755857327617635,14.7813,14.74862072651465,14.7396,66.17032977424749
52,52,211398194,61.0,0.074236,17.4246,16.4549,16.016,15.8127,15.682,14.609000000000002,13.985999999999999,13.914000000000001,133.092646,11.613023,M,K5,4410.0,3.644,-0.68,7.36,-0.78,1.15,1.3730000000000002,0.525,1.081,0.685,1.272,2.883,0.568,0.132,0.042,-0.073,-0.028999999999999998,0.019,0.71,,,5.18,4.48,6.68,,,0.698,K5V,V  ,2.54,1.18,0.4,0.2,1.06,0.62,0.1,5.45,195.19221295850463,0.1396,0.16000000000000014,,1.0797876867412585e+31,4.408909906548034e+31,4.6144997107641835e+30,1.6243024363474054e+31,0.642199999999999,0.6950000000000003,1.611900000000002,1.4086000000000034,0.6950000000000003,17.600781370696946,17.4246,16.487414946880552,16.4549,16.01024588836187,16.016,15.763662890757502,15.8127,15.749512160677247,15.682,177.21198782352354
53,53,211398233,60.0,0.047025,17.1413,16.2893,15.970999999999998,15.8285,15.7432,14.69,14.065999999999999,14.024000000000001,132.927479,11.613699,M,K4,4620.0,3.665,-0.55,7.04,-0.71,1.1,1.306,0.47700000000000004,1.004,0.64,1.19,2.733,0.544,0.125,0.039,-0.073,-0.031,0.009000000000000001,0.73,,,4.98,4.31,6.48,,,0.6890000000000001,K4V,V  ,2.21,1.0,0.38,0.16,1.01,0.59,0.1,5.21,209.99999999914507,0.1378,0.16000000000000014,,1.3393987013041351e+31,6.987651297062333e+31,5.700977555370194e+30,2.574345873865e+31,0.4608000000000008,0.6659999999999986,1.312800000000001,1.1703000000000028,0.6659999999999986,17.29483151537955,17.1413,16.322691501327874,16.2893,15.964006912909634,15.970999999999998,15.78593889667205,15.8285,15.79552991188188,15.7432,139.68569313941373
54,54,211398269,57.0,0.210501,15.1283,14.5638,14.3696,14.3044,14.2461,13.341,12.932,12.829,132.90424,11.614341,SM,K1,5170.0,3.713,-0.26,5.89,-0.36,0.847,0.976,0.301,0.491,0.457,0.879,2.021,0.402,0.094,0.03,-0.064,-0.038,-0.013000000000000001,0.85,,,4.47,3.97,5.65,,,0.8140000000000001,K1V,,,,,,,,,,120.13880860480478,0.16280000000000006,0.10000000000000007,,3.189628101405974e+31,4.724232079919543e+32,9.779213863473745e+30,1.0877946363067007e+32,0.2594000000000012,0.5119999999999987,0.8239000000000001,0.7586999999999993,0.5119999999999987,15.239151581153235,15.1283,14.596700293814594,14.5638,14.360808188826981,14.3696,14.274687079606874,14.3044,14.266287075736587,14.2461,46.25292555691276
55,55,211398541,58.0,0.160117,16.6111,15.882,15.6147,15.5109,15.4269,14.424000000000001,13.888,13.82,132.65045700000002,11.618336,SM,K2,5040.0,3.702,-0.29,6.19,-0.47,0.884,1.035,0.326,0.581,0.48200000000000004,0.92,2.1319999999999997,0.4270000000000001,0.098,0.031,-0.068,-0.037000000000000005,-0.009000000000000001,0.82,,,4.57,4.04,5.88,,,0.763,K2V,V  ,1.95,0.78,0.24,0.11,0.99,0.51,0.07,4.5,171.56145643173974,0.1526,0.11499999999999976,,2.590843001718146e+31,2.7818340866879635e+32,9.295182171823656e+30,7.366221154068958e+31,0.3711000000000002,0.604000000000001,1.100200000000001,0.9964000000000012,0.604000000000001,16.747180387511424,16.6111,15.915588906174856,15.882,15.606904101969741,15.6147,15.473358659906435,15.5109,15.466980289265926,15.4269,93.0301117663699
56,56,211398612,66.0,0.149869,18.0022,16.8349,16.2009,15.9195,15.7465,14.648,13.940999999999999,13.835,132.584529,11.619616,M,M0,3870.0,3.588,-1.16,8.91,-1.2,1.4080000000000001,1.6230000000000002,0.8320000000000001,1.204,0.889,1.766,3.68,0.626,0.193,0.122,,,,0.6,,,6.04,5.22,7.75,0.33,,0.5589999999999999,M0V,V  ,2.65,1.31,0.64,0.38,1.29,0.68,0.15,5.72,69.99999999736431,0.1118,0.08000000000000007,,3.3278371931832423e+30,3.752590928470313e+30,1.0087642760722682e+30,6.912527945600352e+29,0.9154000000000018,0.8129999999999988,2.082699999999999,1.8012999999999977,0.8129999999999988,18.2128831639817,18.0022,16.86555453507254,16.8349,16.197653604258953,16.2009,15.859031747663845,15.9195,15.839854178495289,15.7465,365.825199900178
57,57,211398707,67.0,0.162297,18.3863,17.266,16.7338,16.5082,16.3407,15.315,14.654000000000002,14.468,133.30199,11.621081,M,M0.5,3800.0,3.58,-1.38,9.2,-1.27,1.4409999999999998,,0.902,1.1840000000000002,0.924,1.886,3.84,0.62,0.20800000000000002,0.13,,,,0.56,,,6.19,5.36,7.9,0.37,,0.535,M0.5V,,,,,,,,,,85.44003745101017,0.107,0.08000000000000007,,2.7441861672404844e+30,2.656630928328716e+30,9.064164601647388e+29,4.893695018525311e+29,0.7577999999999996,0.8469999999999995,1.8781,1.6525,0.8469999999999995,18.584291407894217,18.3863,17.29732273859344,17.266,16.729524994202812,16.7338,16.452330124642188,16.5082,16.42371455100328,16.3407,498.62256576991103
58,58,211398747,54.0,0.12562,15.2987,14.8211,14.6582,14.625,14.5808,13.702,13.32,13.265999999999998,132.595827,11.621687,SM,G8,5490.0,3.734,-0.17,5.32,-0.17,0.737,0.8420000000000001,0.249,0.284,0.40399999999999997,0.7859999999999999,1.768,0.342,0.08199999999999999,0.027999999999999997,-0.057,-0.039,-0.018000000000000002,0.94,,,3.97,3.55,5.15,,,0.909,G8V,V  ,1.6,0.57,0.19,0.06,0.87,0.37,0.04,3.85,100.1665280070446,0.1818,0.06500000000000039,,5.45063231922809e+31,1.493933356778037e+33,1.5244349552817583e+31,2.2359406402083957e+32,0.1960999999999995,0.4360000000000017,0.6737000000000002,0.6404999999999994,0.4360000000000017,15.396374060498127,15.2987,14.853121404221096,14.8211,14.648943641585474,14.6582,14.599794030746887,14.625,14.589196644363852,14.5808,48.31235058669003
59,59,211399087,54.0,0.210432,15.5321,15.012,14.8124,14.7716,14.7206,13.790999999999999,13.383,13.331,132.649178,11.626759,BM,G8,5490.0,3.734,-0.17,5.32,-0.17,0.737,0.8420000000000001,0.249,0.284,0.40399999999999997,0.7859999999999999,1.768,0.342,0.08199999999999999,0.027999999999999997,-0.057,-0.039,-0.018000000000000002,0.94,,,3.97,3.55,5.15,,,0.909,G8V,V  ,1.6,0.57,0.19,0.06,0.87,0.37,0.04,3.85,100.1665280070446,0.1818,0.06500000000000039,,5.45063231922809e+31,1.493933356778037e+33,1.5244349552817583e+31,2.2359406402083957e+32,0.24040000000000106,0.4599999999999991,0.7605000000000004,0.7196999999999996,0.4599999999999991,15.638651644764002,15.5321,15.044654464009,15.012,14.803453154408537,14.8124,14.743321444246881,14.7716,14.737057071571042,14.7206,86.77632219920307
60,60,211399458,58.0,0.234624,16.5727,15.8501,15.5942,15.4871,15.4145,14.399000000000001,13.922,13.822000000000001,133.07896000000002,11.632257000000001,SM,K2,5040.0,3.702,-0.29,6.19,-0.47,0.884,1.035,0.326,0.581,0.48200000000000004,0.92,2.1319999999999997,0.4270000000000001,0.098,0.031,-0.068,-0.037000000000000005,-0.009000000000000001,0.82,,,4.57,4.04,5.88,,,0.763,K2V,V  ,1.95,0.78,0.24,0.11,0.99,0.51,0.07,4.5,171.56145643173974,0.1526,0.11499999999999976,,2.590843001718146e+31,2.7818340866879635e+32,9.295182171823656e+30,7.366221154068958e+31,0.3629999999999996,0.5770000000000001,1.0856000000000012,0.9785000000000004,0.5770000000000001,16.706937217292776,16.5727,15.883679803638866,15.8501,15.586325463465743,15.5942,15.450102575396535,15.4871,15.453227303871767,15.4145,122.53513520925927
61,61,211399673,49.0,0.151568,14.3341,13.9719,13.8532,13.8562,13.8419,12.974,12.68,12.64,132.735525,11.635607,SM,G3,5720.0,3.757,-0.12,4.86,-0.01,0.6609999999999999,0.7390000000000001,0.217,0.152,0.368,0.722,1.59,0.299,0.07400000000000001,0.027999999999999997,-0.05,-0.04,-0.013999999999999999,1.0,,,3.64,3.27,4.74,,,1.01,G3V,,,,,,,,,,45.0924975244228,0.202,0.13999999999999968,,8.084412725349285e+31,3.84e+33,1.886067167850175e+31,1.2378697459935962e+33,0.11570000000000034,0.33399999999999963,0.4779,0.4809000000000001,0.33399999999999963,14.413273028940148,14.3341,14.002041737241779,13.9719,13.843335470068734,13.8532,13.83793025527575,13.8562,13.831818031866419,13.8419,29.38461083056003
62,62,211399695,45.0,0.141744,13.9644,13.6403,13.5265,13.5536,13.5291,12.692,12.439,12.398,132.620892,11.635911,SM,F9,6040.0,3.781,-0.08,4.15,0.26,0.552,0.5870000000000001,0.175,0.013999999999999999,0.312,0.62,1.34,0.237,0.063,0.027000000000000003,-0.040999999999999995,-0.044000000000000004,-0.013999999999999999,1.14,9.7,0.37799999999999995,3.11,2.81,4.07,,,1.23,F9V,,,,,,,,,,125.03332888871763,0.246,0.07499999999999996,,1.5103947209743802e+32,1.7961029425428411e+34,4.287525347915312e+31,3.101759895736413e+33,0.08670000000000044,0.2940000000000005,0.4108000000000001,0.4378999999999991,0.2940000000000005,14.038444178423347,13.9644,13.669783558907016,13.6403,13.516473743445928,13.5265,13.537391065072944,13.5536,13.513468508844626,13.5291,27.361602396566088
63,63,211399742,67.0,0.170856,19.452,18.2363,17.476,17.1538,16.9586,15.823,15.298,14.97,132.592577,11.636567,M,M0.5,3800.0,3.58,-1.38,9.2,-1.27,1.4409999999999998,,0.902,1.1840000000000002,0.924,1.886,3.84,0.62,0.20800000000000002,0.13,,,,0.56,,,6.19,5.36,7.9,0.37,,0.535,M0.5V,,,,,,,,,,85.44003745101017,0.107,0.08000000000000007,,2.7441861672404844e+30,2.656630928328716e+30,9.064164601647388e+29,4.893695018525311e+29,1.0824999999999996,0.8529999999999998,2.2982000000000014,1.9760000000000024,0.8529999999999998,19.677048639022086,19.452,18.26640616222208,18.2363,17.474101936302077,17.476,17.087231894553593,17.1538,17.06572914991616,16.9586,2304.3479388854
64,64,211399819,56.0,0.160671,15.4869,14.9754,14.8081,14.7613,14.6903,13.807,13.437999999999999,13.335999999999999,132.855062,11.637830000000001,SM,K0,5280.0,3.723,-0.22,5.76,-0.33,0.816,0.9440000000000001,0.28600000000000003,0.436,0.44299999999999995,0.853,1.953,0.387,0.091,0.03,-0.063,-0.037000000000000005,-0.015,0.87,,,4.29,3.81,5.54,,,0.8170000000000001,K0V,V  ,1.68,0.62,0.22,0.07,0.84,0.47,0.07,4.17,86.21678104048753,0.16340000000000002,0.10000000000000007,,3.701443634493218e+31,6.085989859050679e+32,1.0122451715866833e+31,1.401350952556304e+32,0.21410000000000012,0.4710000000000018,0.7256,0.6788000000000007,0.4710000000000018,15.588891694811045,15.4869,15.007750636478164,14.9754,14.798992498941207,14.8081,14.734580330651537,14.7613,14.702678872938234,14.6903,59.66702615383784
65,65,211400002,50.0,0.07496599999999999,14.6914,14.295,14.1632,14.1466,14.112,13.243,12.979000000000001,12.890999999999998,132.783411,11.640555,BM,G4,5680.0,3.754,-0.13,4.94,-0.04,0.674,0.757,0.222,0.175,0.374,0.733,1.621,0.307,0.075,0.027999999999999997,-0.052000000000000005,-0.040999999999999995,-0.013999999999999999,0.99,,,3.7,3.32,4.8,,,0.986,G4V,,,,,,,,,,30.55050462741207,0.1972,0.03000000000000025,,7.516793076292366e+31,3.3445001854313527e+33,1.6752112140178082e+31,2.3102988811470355e+32,0.14840000000000053,0.3520000000000021,0.5448000000000004,0.5282,0.3520000000000021,14.776143170864556,14.6914,14.325788656625786,14.295,14.153514135007349,14.1632,14.126161779977465,14.1466,14.107730875761595,14.112,32.45479982592462
66,66,211400061,62.0,0.31950100000000003,16.9979,16.0731,15.6794,15.5066,15.3866,14.327,13.716,13.595999999999998,133.07251399999998,11.6414,M,K6,4230.0,3.626,-0.81,7.8,-0.9,1.24,1.439,0.617,1.1840000000000002,0.759,1.42,3.1430000000000002,0.601,0.14800000000000002,0.049,,,,0.68,,,5.41,4.66,6.99,,,0.6609999999999999,K6V,,,,,,,,,,170.0980109612371,0.13219999999999998,0.15500000000000025,,7.613378808678038e+30,2.1593906887309408e+31,3.1434325238497875e+30,7.706880255224127e+30,0.5664999999999996,0.7310000000000016,1.4913000000000007,1.318500000000002,0.7310000000000016,17.165681520002625,16.9979,16.10600475290497,16.0731,15.673156067056842,15.6794,15.459994969271035,15.5066,15.448484855262716,15.3866,149.2711324192202
67,67,211400106,56.0,0.189113,15.2269,14.7295,14.5361,14.4705,14.3959,13.494000000000002,13.06,13.017999999999999,132.869216,11.64209,BM,K0,5280.0,3.723,-0.22,5.76,-0.33,0.816,0.9440000000000001,0.28600000000000003,0.436,0.44299999999999995,0.853,1.953,0.387,0.091,0.03,-0.063,-0.037000000000000005,-0.015,0.87,,,4.29,3.81,5.54,,,0.8170000000000001,K0V,V  ,1.68,0.62,0.22,0.07,0.84,0.47,0.07,4.17,86.21678104048753,0.16340000000000002,0.10000000000000007,,3.701443634493218e+31,6.085989859050679e+32,1.0122451715866833e+31,1.401350952556304e+32,0.25900000000000034,0.4760000000000026,0.7564000000000011,0.6908000000000012,0.4760000000000026,15.330234982864122,15.2269,14.761944794349642,14.7295,14.527039443657479,14.5361,14.443316947277525,14.4705,14.409493652179265,14.3959,45.10802879190812
68,68,211400215,49.0,0.17248,13.8531,13.5316,13.4411,13.4555,13.4159,12.595999999999998,12.365,12.251,132.86033899999998,11.643578,SM,G3,5720.0,3.757,-0.12,4.86,-0.01,0.6609999999999999,0.7390000000000001,0.217,0.152,0.368,0.722,1.59,0.299,0.07400000000000001,0.027999999999999997,-0.05,-0.04,-0.013999999999999999,1.0,,,3.64,3.27,4.74,,,1.01,G3V,,,,,,,,,,45.0924975244228,0.202,0.13999999999999968,,8.084412725349285e+31,3.84e+33,1.886067167850175e+31,1.2378697459935962e+33,0.0760999999999985,0.3449999999999989,0.3975999999999989,0.41199999999999903,0.3449999999999989,13.924024649146236,13.8531,13.56065376138624,13.5316,13.43097653098624,13.4411,13.4405753071808,13.4555,13.39679898342848,13.4159,23.67973388362454
69,69,211400290,63.0,0.16526,17.2963,16.3817,16.048,15.9082,15.7826,14.817,14.225,14.023,133.18601999999998,11.644805999999999,M,K7,4070.0,3.61,-0.95,8.15,-0.98,1.308,1.506,0.688,1.2209999999999999,0.8059999999999999,1.5290000000000001,3.33,0.617,0.162,0.057,,,,0.65,,,5.6,4.82,7.18,,,0.654,K7V,V  ,2.56,1.34,0.54,0.3,1.01,0.6,0.11,5.77,117.89826122396376,0.1308,0.15500000000000025,,6.020849216393901e+30,1.3942197303171907e+31,2.155679742981379e+30,4.975979829449148e+30,0.4734999999999978,0.7940000000000005,1.388099999999998,1.2483000000000004,0.7940000000000005,17.457400352166236,17.2963,16.414864157834035,16.3817,16.041392950000493,16.048,15.863495949773776,15.9082,15.840026603081949,15.7826,180.76432322834262
70,70,211400302,47.0,0.150854,14.7005,14.3099,14.1835,14.1729,14.1537,13.318,13.005999999999998,12.985,132.539986,11.644976,SM,G1,5880.0,3.769,-0.1,4.5,0.13,0.604,0.6609999999999999,0.195,0.067,0.34,0.672,1.4580000000000002,0.267,0.068,0.027000000000000003,-0.044000000000000004,-0.042,-0.01,1.07,9.8,,3.38,3.04,4.4,,,1.12,G1V,,,,,,,,,,77.67453464934242,0.2240000000000001,0.16500000000000006,,1.1177216833842651e+32,8.401004635966279e+33,2.8461593949731084e+31,3.1917646267567214e+33,0.13700000000000045,0.3330000000000002,0.5275999999999996,0.5169999999999995,0.3330000000000002,14.783930955305786,14.7005,14.34054259266454,14.3099,14.17377173853954,14.1835,14.1529662140043,14.1729,14.14808129876133,14.1537,34.60598821606434
71,71,211400500,50.0,0.13728800000000002,14.7573,14.3494,14.2267,14.2044,14.1663,13.312999999999999,12.952,12.942,132.84945,11.647812,SM,G4,5680.0,3.754,-0.13,4.94,-0.04,0.674,0.757,0.222,0.175,0.374,0.733,1.621,0.307,0.075,0.027999999999999997,-0.052000000000000005,-0.040999999999999995,-0.013999999999999999,0.99,,,3.7,3.32,4.8,,,0.986,G4V,,,,,,,,,,30.55050462741207,0.1972,0.03000000000000025,,7.516793076292366e+31,3.3445001854313527e+33,1.6752112140178082e+31,2.3102988811470355e+32,0.14499999999999955,0.37099999999999866,0.5529000000000011,0.5306000000000015,0.37099999999999866,14.842323820494888,14.7573,14.380219390491595,14.3494,14.217023228254115,14.2267,14.183854401636918,14.2044,14.162317944835756,14.1663,50.106797961579915
72,72,211400563,46.0,0.188237,14.1188,13.7765,13.6608,13.6664,13.6258,12.785,12.522,12.452,132.90065900000002,11.648973,BM,G0,5920.0,3.772,-0.09,4.45,0.14,0.596,0.65,0.191,0.057999999999999996,0.336,0.664,1.44,0.262,0.067,0.027000000000000003,-0.043,-0.043,-0.01,1.08,9.7,,3.34,3.01,4.4,,,1.12,G0V,V  ,1.3,0.38,0.14,0.02,0.71,0.28,0.0,3.18,83.26663997660192,0.2240000000000001,0.16500000000000006,,1.1600581328788684e+32,8.401004635966279e+33,2.992857567517304e+31,3.1917646267567214e+33,0.11010000000000096,0.3330000000000002,0.4524000000000008,0.4580000000000002,0.3330000000000002,14.195249392358956,14.1188,13.80629970558896,13.7765,13.650849277468962,13.6608,13.6492168628632,13.6664,13.61279480497192,13.6258,34.97072415633514
73,73,211400620,66.0,0.17938099999999998,18.5332,17.2841,16.5747,16.2526,16.0803,14.953,14.300999999999998,14.107000000000001,132.51791,11.649761,M,M0,3870.0,3.588,-1.16,8.91,-1.2,1.4080000000000001,1.6230000000000002,0.8320000000000001,1.204,0.889,1.766,3.68,0.626,0.193,0.122,,,,0.6,,,6.04,5.22,7.75,0.33,,0.5589999999999999,M0V,V  ,2.65,1.31,0.64,0.38,1.29,0.68,0.15,5.72,69.99999999736431,0.1118,0.08000000000000007,,3.3278371931832423e+30,3.752590928470313e+30,1.0087642760722682e+30,6.912527945600352e+29,1.0314999999999976,0.8459999999999983,2.2806,1.9585000000000008,0.8459999999999983,18.756834145636226,18.5332,17.314244901938565,17.2841,16.572659535290438,16.5747,16.186684546183038,16.2526,16.185949120969912,16.0803,293.66108891014443
74,74,211400662,64.0,0.069082,18.0681,16.9888,16.5147,16.3152,16.1881,15.089,14.515999999999998,14.273,133.092902,11.650312,M,K8,4000.0,3.602,-1.03,8.47,-1.1,1.3559999999999999,1.5619999999999998,0.7509999999999999,1.216,0.843,1.632,3.487,0.623,0.17600000000000002,0.081,,,,0.63,,,5.78,4.98,7.44,,,0.5870000000000001,K8V,,,,,,,,,,65.06407098365453,0.11740000000000002,0.13000000000000034,,4.388824163257169e+30,7.661807289480494e+30,1.2739350639832152e+30,2.2934552225196235e+30,0.6736000000000004,0.8160000000000007,1.7529000000000003,1.5534,0.8160000000000007,18.25738703397715,18.0681,17.02061247460944,16.9888,16.509795077860513,16.5147,16.262180260824795,16.3152,16.26468599148355,16.1881,303.79160442252015
75,75,211400944,54.0,0.185042,15.1849,14.7132,14.5556,14.5111,14.4704,13.591,13.25,13.147,132.846625,11.654119999999999,SM,G8,5490.0,3.734,-0.17,5.32,-0.17,0.737,0.8420000000000001,0.249,0.284,0.40399999999999997,0.7859999999999999,1.768,0.342,0.08199999999999999,0.027999999999999997,-0.057,-0.039,-0.018000000000000002,0.94,,,3.97,3.55,5.15,,,0.909,G8V,V  ,1.6,0.57,0.19,0.06,0.87,0.37,0.04,3.85,100.1665280070446,0.1818,0.06500000000000039,,5.45063231922809e+31,1.493933356778037e+33,1.5244349552817583e+31,2.2359406402083957e+32,0.20209999999999967,0.4439999999999991,0.6738,0.6293000000000006,0.4439999999999991,15.281302678526535,15.1849,14.745116674592724,14.7132,14.54630037216934,14.5556,14.486346978682564,14.5111,14.477601062812829,14.4704,45.91753879624131
76,76,211400999,66.0,0.206612,19.156,17.9434,17.2132,16.8931,16.6957,15.64,14.878,14.782,133.269312,11.655006,M,M0,3870.0,3.588,-1.16,8.91,-1.2,1.4080000000000001,1.6230000000000002,0.8320000000000001,1.204,0.889,1.766,3.68,0.626,0.193,0.122,,,,0.6,,,6.04,5.22,7.75,0.33,,0.5589999999999999,M0V,V  ,2.65,1.31,0.64,0.38,1.29,0.68,0.15,5.72,69.99999999736431,0.1118,0.08000000000000007,,3.3278371931832423e+30,3.752590928470313e+30,1.0087642760722682e+30,6.912527945600352e+29,1.0503,0.8580000000000005,2.2628999999999984,1.9427999999999983,0.8580000000000005,19.378360631905675,19.156,17.973583136449594,17.9434,17.211033214042235,17.2132,16.827761525865107,16.8931,16.800042102749256,16.6957,904.1627427945238
77,77,211401055,59.0,0.187493,16.4732,15.7784,15.527000000000001,15.4348,15.3667,14.378,13.949000000000002,13.79,133.138546,11.655887,SM,K3,4830.0,3.684,-0.41,6.57,-0.58,0.98,1.15,0.376,0.7759999999999999,0.537,1.013,2.38,0.483,0.109,0.033,-0.071,-0.031,-0.008,0.78,,,4.76,4.16,6.16,,,0.7290000000000001,K3V,V  ,2.1,0.85,0.32,0.13,0.99,0.58,0.01,4.94,209.99999999915192,0.1458,0.14000000000000012,,1.9224915655288019e+31,1.459927281870955e+32,7.876361928480843e+30,4.706249514527933e+31,0.34360000000000035,0.588000000000001,1.0383999999999989,0.9461999999999976,0.588000000000001,16.604088468426006,16.4732,15.811947455230332,15.7784,15.518985239677091,15.527000000000001,15.398800142652561,15.4348,15.402933516710712,15.3667,166.1315740681259
78,78,211401265,63.0,0.130876,17.623,16.6232,16.2276,16.0685,15.9421,14.925,14.286,14.255999999999998,132.898337,11.658947999999999,M,K7,4070.0,3.61,-0.95,8.15,-0.98,1.308,1.506,0.688,1.2209999999999999,0.8059999999999999,1.5290000000000001,3.33,0.617,0.162,0.057,,,,0.65,,,5.6,4.82,7.18,,,0.654,K7V,V  ,2.56,1.34,0.54,0.3,1.01,0.6,0.11,5.77,117.89826122396376,0.1308,0.15500000000000025,,6.020849216393901e+30,1.3942197303171907e+31,2.155679742981379e+30,4.975979829449148e+30,0.5547000000000004,0.6690000000000023,1.5545000000000009,1.3954000000000022,0.6690000000000023,17.79796280470204,17.623,16.655775218423425,16.6232,16.221772370483702,16.2276,16.019819981572688,16.0685,16.00879075313355,15.9421,207.13697888265628
79,79,211401366,60.0,0.093082,16.2951,15.5513,15.2516,15.1244,15.027000000000001,14.026,13.525,13.377,132.805777,11.660428999999999,M,K4,4620.0,3.665,-0.55,7.04,-0.71,1.1,1.306,0.47700000000000004,1.004,0.64,1.19,2.733,0.544,0.125,0.039,-0.073,-0.031,0.009000000000000001,0.73,,,4.98,4.31,6.48,,,0.6890000000000001,K4V,V  ,2.21,1.0,0.38,0.16,1.01,0.59,0.1,5.21,209.99999999914507,0.1378,0.16000000000000014,,1.3393987013041351e+31,6.987651297062333e+31,5.700977555370194e+30,2.574345873865e+31,0.42689999999999984,0.6489999999999991,1.1707000000000019,1.0435000000000016,0.6489999999999991,16.435987780512566,16.2951,15.58488445500084,15.5513,15.244014361371471,15.2516,15.085455188960411,15.1244,15.070548776624776,15.027000000000001,78.36563721038029
80,80,211401403,46.0,0.206679,13.8698,13.5475,13.4407,13.4442,13.4112,12.595,12.345,12.28,132.836633,11.661146,SM,G0,5920.0,3.772,-0.09,4.45,0.14,0.596,0.65,0.191,0.057999999999999996,0.336,0.664,1.44,0.262,0.067,0.027000000000000003,-0.043,-0.043,-0.01,1.08,9.7,,3.34,3.01,4.4,,,1.12,G0V,V  ,1.3,0.38,0.14,0.02,0.71,0.28,0.0,3.18,83.26663997660192,0.2240000000000001,0.16500000000000006,,1.1600581328788684e+32,8.401004635966279e+33,2.992857567517304e+31,3.1917646267567214e+33,0.10329999999999906,0.3150000000000013,0.4255999999999993,0.4291,0.3150000000000013,13.942786829747831,13.8698,13.576840383905873,13.5475,13.430640701417618,13.4407,13.428423717569077,13.4442,13.394400565637913,13.4112,24.515584712209286
81,81,211401872,58.0,0.26483,15.7712,15.1895,14.9388,14.8619,14.7798,13.821,13.329,13.255999999999998,132.370258,11.668934,BM,K2,5040.0,3.702,-0.29,6.19,-0.47,0.884,1.035,0.326,0.581,0.48200000000000004,0.92,2.1319999999999997,0.4270000000000001,0.098,0.031,-0.068,-0.037000000000000005,-0.009000000000000001,0.82,,,4.57,4.04,5.88,,,0.763,K2V,V  ,1.95,0.78,0.24,0.11,0.99,0.51,0.07,4.5,171.56145643173974,0.1526,0.11499999999999976,,2.590843001718146e+31,2.7818340866879635e+32,9.295182171823656e+30,7.366221154068958e+31,0.32760000000000034,0.5650000000000013,0.9093,0.8323999999999998,0.5650000000000013,15.890051263186688,15.7712,15.22275499628293,15.1895,14.930306814391413,14.9388,14.829604027396805,14.8619,14.806643839522225,14.7798,61.510224620002944
82,82,211402663,46.0,0.194685,13.8673,13.5466,13.450999999999999,13.449000000000002,13.4382,12.612,12.315999999999999,12.283,132.59006399999998,11.682061000000001,SM,G0,5920.0,3.772,-0.09,4.45,0.14,0.596,0.65,0.191,0.057999999999999996,0.336,0.664,1.44,0.262,0.067,0.027000000000000003,-0.043,-0.043,-0.01,1.08,9.7,,3.34,3.01,4.4,,,1.12,G0V,V  ,1.3,0.38,0.14,0.02,0.71,0.28,0.0,3.18,83.26663997660192,0.2240000000000001,0.16500000000000006,,1.1600581328788684e+32,8.401004635966279e+33,2.992857567517304e+31,3.1917646267567214e+33,0.09759999999999812,0.3290000000000006,0.41829999999999856,0.4163000000000015,0.3290000000000006,13.938744150857609,13.8673,13.575726887523007,13.5466,13.440892663596676,13.450999999999999,13.433859803671954,13.449000000000002,13.419681756661015,13.4382,23.972348968815062
83,83,211402784,66.0,0.213763,18.8907,17.6853,17.0189,16.7177,16.5469,15.458,,,133.239908,11.683971000000001,M,M0,3870.0,3.588,-1.16,8.91,-1.2,1.4080000000000001,1.6230000000000002,0.8320000000000001,1.204,0.889,1.766,3.68,0.626,0.193,0.122,,,,0.6,,,6.04,5.22,7.75,0.33,,0.5589999999999999,M0V,V  ,2.65,1.31,0.64,0.38,1.29,0.68,0.15,5.72,69.99999999736431,0.1118,0.08000000000000007,,3.3278371931832423e+30,3.752590928470313e+30,1.0087642760722682e+30,6.912527945600352e+29,0.9676000000000008,,2.1729999999999983,1.8718000000000004,,19.10724698112088,18.8907,17.71569355631886,17.6853,17.01617850131809,17.0189,16.654875626284934,16.7177,16.645561122570886,16.5469,574.8364115862694
84,84,211403852,64.0,0.196307,17.6594,16.6591,16.225,16.0499,15.9026,14.873,14.265999999999998,14.118,132.404446,11.700814999999999,M,K8,4000.0,3.602,-1.03,8.47,-1.1,1.3559999999999999,1.5619999999999998,0.7509999999999999,1.216,0.843,1.632,3.487,0.623,0.17600000000000002,0.081,,,,0.63,,,5.78,4.98,7.44,,,0.5870000000000001,K8V,,,,,,,,,,65.06407098365453,0.11740000000000002,0.13000000000000034,,4.388824163257169e+30,7.661807289480494e+30,1.2739350639832152e+30,2.2934552225196235e+30,0.6091999999999977,0.754999999999999,1.6095000000000006,1.4344,0.754999999999999,17.837951387342237,17.6594,16.69149465837008,16.6591,16.219391391817762,16.225,16.000163127596906,16.0499,15.971717497530046,15.9026,200.49559778154153
85,85,211403975,49.0,0.126958,14.3718,14.0,13.8921,13.8912,13.8679,13.037,12.742,12.665999999999999,132.503507,11.702728,SM,G3,5720.0,3.757,-0.12,4.86,-0.01,0.6609999999999999,0.7390000000000001,0.217,0.152,0.368,0.722,1.59,0.299,0.07400000000000001,0.027999999999999997,-0.05,-0.04,-0.013999999999999999,1.0,,,3.64,3.27,4.74,,,1.01,G3V,,,,,,,,,,45.0924975244228,0.202,0.13999999999999968,,8.084412725349285e+31,3.84e+33,1.886067167850175e+31,1.2378697459935962e+33,0.10880000000000044,0.3710000000000022,0.4806000000000008,0.4797000000000011,0.3710000000000022,14.450830743461418,14.3718,14.030124288223414,14.0,13.882230949186953,13.8921,13.8729865888236,13.8912,13.857666645701276,13.8679,41.95469435611634
86,86,211404310,63.0,0.416739,17.4447,16.5116,16.1378,15.9718,15.8537,14.841,14.164000000000001,14.065,133.160798,11.707605000000001,M,K7,4070.0,3.61,-0.95,8.15,-0.98,1.308,1.506,0.688,1.2209999999999999,0.8059999999999999,1.5290000000000001,3.33,0.617,0.162,0.057,,,,0.65,,,5.6,4.82,7.18,,,0.654,K7V,V  ,2.56,1.34,0.54,0.3,1.01,0.6,0.11,5.77,117.89826122396376,0.1308,0.15500000000000025,,6.020849216393901e+30,1.3942197303171907e+31,2.155679742981379e+30,4.975979829449148e+30,0.5398000000000014,0.7759999999999998,1.472900000000001,1.3069000000000024,0.7759999999999998,17.611385884773647,17.4447,16.544550679688705,16.5116,16.131494986201755,16.1378,15.925508109784367,15.9718,15.914854311077294,15.8537,194.31586382491574
87,87,211404488,64.0,0.187039,18.3124,17.1815,16.6735,16.4442,16.3099,15.19,14.527999999999999,14.503,133.222128,11.710197,M,K8,4000.0,3.602,-1.03,8.47,-1.1,1.3559999999999999,1.5619999999999998,0.7509999999999999,1.216,0.843,1.632,3.487,0.623,0.17600000000000002,0.081,,,,0.63,,,5.78,4.98,7.44,,,0.5870000000000001,K8V,,,,,,,,,,65.06407098365453,0.11740000000000002,0.13000000000000034,,4.388824163257169e+30,7.661807289480494e+30,1.2739350639832152e+30,2.2934552225196235e+30,0.7373000000000012,0.6869999999999994,1.8682000000000016,1.6388999999999996,0.6869999999999994,18.50920912271142,18.3124,17.212888884791827,17.1815,16.669136047559082,16.6735,16.388729634083564,16.4442,16.39201527842032,16.3099,329.1192237956384
88,88,211404735,46.0,0.217829,14.3141,13.9588,13.8672,13.8624,13.8219,12.948,12.689,12.645,133.126163,11.714008999999999,SM,G0,5920.0,3.772,-0.09,4.45,0.14,0.596,0.65,0.191,0.057999999999999996,0.336,0.664,1.44,0.262,0.067,0.027000000000000003,-0.043,-0.043,-0.01,1.08,9.7,,3.34,3.01,4.4,,,1.12,G0V,V  ,1.3,0.38,0.14,0.02,0.71,0.28,0.0,3.18,83.26663997660192,0.2240000000000001,0.16500000000000006,,1.1600581328788684e+32,8.401004635966279e+33,2.992857567517304e+31,3.1917646267567214e+33,0.09640000000000093,0.3030000000000008,0.4517000000000007,0.4468999999999994,0.3030000000000008,14.389222833459387,14.3141,13.988426977977696,13.9588,13.857207552779752,13.8672,13.84575246061719,13.8624,13.807451537477435,13.8219,26.316004411458483
89,89,211404773,54.0,0.100981,15.4172,14.9204,14.7351,14.7026,14.6584,13.759,13.343,13.318,132.550627,11.71471,SM,G8,5490.0,3.734,-0.17,5.32,-0.17,0.737,0.8420000000000001,0.249,0.284,0.40399999999999997,0.7859999999999999,1.768,0.342,0.08199999999999999,0.027999999999999997,-0.057,-0.039,-0.018000000000000002,0.94,,,3.97,3.55,5.15,,,0.909,G8V,V  ,1.6,0.57,0.19,0.06,0.87,0.37,0.04,3.85,100.1665280070446,0.1818,0.06500000000000039,,5.45063231922809e+31,1.493933356778037e+33,1.5244349552817583e+31,2.2359406402083957e+32,0.21780000000000044,0.4410000000000007,0.7145999999999989,0.6821000000000002,0.4410000000000007,15.51956154849186,15.4172,14.952776951111991,14.9204,14.726005393522284,14.7351,14.675752393208818,14.7026,14.671114473731384,14.6584,56.130496833660594
90,90,211405671,64.0,0.292937,18.2085,17.1179,16.6193,16.4047,16.2769,15.210999999999999,14.458,14.455,133.195211,11.727768,M,K8,4000.0,3.602,-1.03,8.47,-1.1,1.3559999999999999,1.5619999999999998,0.7509999999999999,1.216,0.843,1.632,3.487,0.623,0.17600000000000002,0.081,,,,0.63,,,5.78,4.98,7.44,,,0.5870000000000001,K8V,,,,,,,,,,65.06407098365453,0.11740000000000002,0.13000000000000034,,4.388824163257169e+30,7.661807289480494e+30,1.2739350639832152e+30,2.2934552225196235e+30,0.7132000000000005,0.7559999999999985,1.8038000000000023,1.5892000000000015,0.7559999999999985,18.400955600358092,18.2085,17.149534114099765,17.1179,16.614617829092722,16.6193,16.350665956459437,16.4047,16.355777840781954,16.2769,315.6015509279759
91,91,211406562,61.0,0.141576,17.2222,16.3395,15.9985,15.8528,15.7505,14.710999999999999,14.107000000000001,14.003,133.171795,11.740973,M,K5,4410.0,3.644,-0.68,7.36,-0.78,1.15,1.3730000000000002,0.525,1.081,0.685,1.272,2.883,0.568,0.132,0.042,-0.073,-0.028999999999999998,0.019,0.71,,,5.18,4.48,6.68,,,0.698,K5V,V  ,2.54,1.18,0.4,0.2,1.06,0.62,0.1,5.45,195.19221295850463,0.1396,0.16000000000000014,,1.0797876867412585e+31,4.408909906548034e+31,4.6144997107641835e+30,1.6243024363474054e+31,0.4867000000000008,0.7079999999999984,1.3694000000000006,1.2237000000000011,0.7079999999999984,17.38092999929188,17.2222,16.37274347228718,16.3395,15.991769291734311,15.9985,15.808767199879927,15.8528,15.806338484373656,15.7505,187.40499563996477
92,92,211406596,56.0,0.177233,15.4018,14.8989,14.7393,14.6909,14.6373,13.732999999999999,13.352,13.26,132.561039,11.741568,SM,K0,5280.0,3.723,-0.22,5.76,-0.33,0.816,0.9440000000000001,0.28600000000000003,0.436,0.44299999999999995,0.853,1.953,0.387,0.091,0.03,-0.063,-0.037000000000000005,-0.015,0.87,,,4.29,3.81,5.54,,,0.8170000000000001,K0V,V  ,1.68,0.62,0.22,0.07,0.84,0.47,0.07,4.17,86.21678104048753,0.16340000000000002,0.10000000000000007,,3.701443634493218e+31,6.085989859050679e+32,1.0122451715866833e+31,1.401350952556304e+32,0.20800000000000016,0.472999999999999,0.7109000000000005,0.6624999999999996,0.472999999999999,15.501959823652342,15.4018,14.931115920429685,14.8989,14.730128971601562,14.7393,14.664817986523435,14.6909,14.648003889785153,14.6373,52.45800647404189
93,93,211407277,66.0,0.259894,18.8764,17.6744,17.0304,16.7497,16.5694,15.488,14.732999999999999,14.63,132.42996599999998,11.752383,M,M0,3870.0,3.588,-1.16,8.91,-1.2,1.4080000000000001,1.6230000000000002,0.8320000000000001,1.204,0.889,1.766,3.68,0.626,0.193,0.122,,,,0.6,,,6.04,5.22,7.75,0.33,,0.5589999999999999,M0V,V  ,2.65,1.31,0.64,0.38,1.29,0.68,0.15,5.72,69.99999999736431,0.1118,0.08000000000000007,,3.3278371931832423e+30,3.752590928470313e+30,1.0087642760722682e+30,6.912527945600352e+29,0.924699999999998,0.8579999999999988,2.1267,1.846,0.8579999999999988,19.09081181047688,18.8764,17.704883670126886,17.6744,17.02748348080688,17.0304,16.6877530894696,16.7497,16.66608311599576,16.5694,631.0383229713522
94,94,211407572,48.0,0.167939,13.8713,13.5492,13.4858,13.4605,13.4527,12.632,12.344000000000001,12.29,133.137844,11.756677999999999,SM,G2,5770.0,3.761,-0.11,4.79,0.01,0.65,0.7240000000000001,0.212,0.133,0.363,0.713,1.564,0.293,0.073,0.027999999999999997,-0.05,-0.04,-0.016,1.02,9.8,,3.57,3.2,4.68,,,1.01,G2V,V  ,1.37,0.45,0.16,0.04,0.84,0.35,0.0,3.45,81.85352771663348,0.202,0.13999999999999968,,8.354565956704591e+31,4.408909906548035e+33,2.1692213206801313e+31,1.4212646318039756e+33,0.08870000000000111,0.3420000000000005,0.4108000000000001,0.3855000000000004,0.3420000000000005,13.939009039377515,13.8713,13.577787309292672,13.5492,13.475577145000797,13.4858,13.44692391084276,13.4605,13.429947098726066,13.4527,26.645191506303107
95,95,211408169,64.0,0.244031,18.549,17.3824,16.8359,16.5877,16.4225,15.404000000000002,14.69,14.647,132.555372,11.765663,M,K8,4000.0,3.602,-1.03,8.47,-1.1,1.3559999999999999,1.5619999999999998,0.7509999999999999,1.216,0.843,1.632,3.487,0.623,0.17600000000000002,0.081,,,,0.63,,,5.78,4.98,7.44,,,0.5870000000000001,K8V,,,,,,,,,,65.06407098365453,0.11740000000000002,0.13000000000000034,,4.388824163257169e+30,7.661807289480494e+30,1.2739350639832152e+30,2.2934552225196235e+30,0.7946999999999989,0.7570000000000014,1.9612999999999976,1.7131000000000007,0.7570000000000014,18.75221343431004,18.549,17.413436115628524,17.3824,16.83203141392367,16.8359,16.530011197345292,16.5877,16.509605058550413,16.4225,384.07767636745723
96,96,211409099,47.0,0.220344,13.9227,13.6024,13.5046,13.509,13.4965,12.68,12.398,12.335999999999999,133.091003,11.779632000000001,SM,G1,5880.0,3.769,-0.1,4.5,0.13,0.604,0.6609999999999999,0.195,0.067,0.34,0.672,1.4580000000000002,0.267,0.068,0.027000000000000003,-0.044000000000000004,-0.042,-0.01,1.07,9.8,,3.38,3.04,4.4,,,1.12,G1V,,,,,,,,,,77.67453464934242,0.2240000000000001,0.16500000000000006,,1.1177216833842651e+32,8.401004635966279e+33,2.8461593949731084e+31,3.1917646267567214e+33,0.09339999999999904,0.3440000000000012,0.4137000000000004,0.4181000000000008,0.3440000000000012,13.994361428612885,13.9227,13.631557288031313,13.6024,13.494499417473214,13.5046,13.493769865501704,13.509,13.478224904781095,13.4965,25.224862393121324
97,97,211409645,62.0,0.780042,17.3233,16.3655,15.9496,15.7521,15.6323,14.552,13.927999999999999,13.806,133.188127,11.787804,M,K6,4230.0,3.626,-0.81,7.8,-0.9,1.24,1.439,0.617,1.1840000000000002,0.759,1.42,3.1430000000000002,0.601,0.14800000000000002,0.049,,,,0.68,,,5.41,4.66,6.99,,,0.6609999999999999,K6V,,,,,,,,,,170.0980109612371,0.13219999999999998,0.15500000000000025,,7.613378808678038e+30,2.1593906887309408e+31,3.1434325238497875e+30,7.706880255224127e+30,0.6134000000000004,0.7460000000000004,1.5711999999999993,1.3736999999999997,0.7460000000000004,17.496250646216097,17.3233,16.398172174275768,16.3655,15.943652846770402,15.9496,15.704006061836473,15.7521,15.69763918026496,15.6323,171.01934787529478
98,98,211409664,50.0,0.166346,14.5567,14.1792,14.0536,14.0509,14.0275,13.177999999999999,12.917,12.78,132.394846,11.78808,SM,G4,5680.0,3.754,-0.13,4.94,-0.04,0.674,0.757,0.222,0.175,0.374,0.733,1.621,0.307,0.075,0.027999999999999997,-0.052000000000000005,-0.040999999999999995,-0.013999999999999999,0.99,,,3.7,3.32,4.8,,,0.986,G4V,,,,,,,,,,30.55050462741207,0.1972,0.03000000000000025,,7.516793076292366e+31,3.3445001854313527e+33,1.6752112140178082e+31,2.3102988811470355e+32,0.1282999999999994,0.3979999999999997,0.5057999999999989,0.5030999999999999,0.3979999999999997,14.638496618653864,14.5567,14.209655218088733,14.1792,14.043819204535376,14.0536,14.031599977132561,14.0509,14.020183418251348,14.0275,44.64304429542839
99,99,211409862,69.0,0.07130700000000001,19.3225,18.0696,17.3472,17.0258,16.8583,15.802,15.085999999999999,14.719000000000001,133.235628,11.790547,M,M1.5,3650.0,3.562,-1.57,9.97,-1.47,1.486,,1.03,1.17,0.978,2.089,4.12,0.607,0.228,0.105,,,,0.5,,,6.69,5.85,8.4,0.47,,0.46,M1.5V,,,,,,,,,,76.37626158016221,0.092,0.17499999999999982,,1.5665575864231329e+30,8.401004635966278e+29,5.096503230300147e+29,3.385204907166215e+29,1.043800000000001,1.0829999999999984,2.2967000000000013,1.9753000000000007,1.0829999999999984,19.547492160364627,19.3225,18.09970763117614,18.0696,17.34529620771365,17.3472,16.959258196742887,17.0258,16.96536947061767,16.8583,943.980147081755
100,100,211410090,71.0,0.264116,19.7746,18.5702,17.7144,17.3364,17.1132,15.898,15.210999999999999,14.889000000000001,132.539498,11.793897,M,M2.5,3500.0,3.544,-1.76,10.7,-1.68,1.5219999999999998,,1.179,1.175,1.041,2.306,4.43,0.589,0.244,0.11699999999999999,,,,0.44,,,7.01,6.27,8.94,0.57,,0.39299999999999996,M2.5V,V  ,2.74,1.47,1.01,0.63,1.32,0.66,0.18,6.51,70.94598884334107,0.0786,0.14499999999999955,,8.912155551898872e+29,2.4228762028039462e+29,2.899752914200289e+29,8.089374008782233e+28,1.233799999999999,1.0089999999999986,2.4381999999999984,2.0601999999999983,1.0089999999999986,20.00638210258879,19.7746,18.600182540307426,18.5702,17.71321121032978,17.7144,17.266542428092652,17.3364,17.227816111815947,17.1132,1457.0735523266833
101,101,211410757,51.0,0.207575,13.8503,13.5288,13.5787,13.4358,13.423,12.610999999999999,12.366,12.284,133.282202,11.80357,SM,G5,5660.0,3.753,-0.13,4.98,-0.05,0.68,0.764,0.225,0.185,0.377,0.738,1.635,0.31,0.076,0.027999999999999997,-0.052000000000000005,-0.040999999999999995,-0.013999999999999999,0.98,,,3.74,3.35,4.84,,,0.982,G5V,V  ,1.49,0.49,0.16,0.06,0.78,0.29,0.03,3.54,47.258156258881655,0.1964,0.029999999999999805,,7.330444512198243e+31,3.0502204213412435e+33,1.727843339061411e+31,2.107017621757896e+32,0.09299999999999996,0.3269999999999982,0.4145000000000003,0.2716000000000012,0.3269999999999982,13.903908875116187,13.8503,13.555060144739945,13.5288,13.568049334369064,13.5787,13.428442619355707,13.4358,13.383311486677758,13.423,24.656056862307278
102,102,211410992,58.0,0.16367,15.7845,15.0861,14.8403,14.7369,14.6552,13.683,13.142999999999999,13.113,132.454004,11.806907,SM,K2,5040.0,3.702,-0.29,6.19,-0.47,0.884,1.035,0.326,0.581,0.48200000000000004,0.92,2.1319999999999997,0.4270000000000001,0.098,0.031,-0.068,-0.037000000000000005,-0.009000000000000001,0.82,,,4.57,4.04,5.88,,,0.763,K2V,V  ,1.95,0.78,0.24,0.11,0.99,0.51,0.07,4.5,171.56145643173974,0.1526,0.11499999999999976,,2.590843001718146e+31,2.7818340866879635e+32,9.295182171823656e+30,7.366221154068958e+31,0.3491999999999997,0.5700000000000003,1.0475999999999992,0.9442000000000004,0.5700000000000003,15.915180144184964,15.7845,15.119644758581396,15.0861,14.832276625961356,14.8403,14.700962624056695,14.7369,14.691276799732654,14.6552,57.72104993001742
103,103,211411199,63.0,0.141706,17.656,16.6536,16.2626,16.0745,15.9588,14.94,14.311,14.239,133.117496,11.809994999999999,M,K7,4070.0,3.61,-0.95,8.15,-0.98,1.308,1.506,0.688,1.2209999999999999,0.8059999999999999,1.5290000000000001,3.33,0.617,0.162,0.057,,,,0.65,,,5.6,4.82,7.18,,,0.654,K7V,V  ,2.56,1.34,0.54,0.3,1.01,0.6,0.11,5.77,117.89826122396376,0.1308,0.15500000000000025,,6.020849216393901e+30,1.3942197303171907e+31,2.155679742981379e+30,4.975979829449148e+30,0.5791000000000004,0.7009999999999987,1.5814999999999984,1.3933999999999995,0.7009999999999987,17.83077781693644,17.656,16.686184268440737,16.6536,16.25676128535581,16.2626,16.025874042561117,16.0745,16.025366262744544,15.9588,227.34211299068215
104,104,211411477,51.0,0.194115,14.8911,14.4642,14.3324,14.2994,14.2754,13.402000000000001,13.09,13.038,133.094603,11.813881,SM,G5,5660.0,3.753,-0.13,4.98,-0.05,0.68,0.764,0.225,0.185,0.377,0.738,1.635,0.31,0.076,0.027999999999999997,-0.052000000000000005,-0.040999999999999995,-0.013999999999999999,0.98,,,3.74,3.35,4.84,,,0.982,G5V,V  ,1.49,0.49,0.16,0.06,0.78,0.29,0.03,3.54,47.258156258881655,0.1964,0.029999999999999805,,7.330444512198243e+31,3.0502204213412435e+33,1.727843339061411e+31,2.107017621757896e+32,0.1647999999999996,0.3640000000000008,0.5916999999999994,0.5587,0.3640000000000008,14.979395661465613,14.8911,14.495364582124473,14.4642,14.322829933406865,14.3324,14.277615627591471,14.2994,14.274724093920842,14.2754,42.163191393906445
105,105,211411621,55.0,0.235046,14.9299,14.3914,14.2107,14.1591,14.1089,13.175,12.765999999999998,12.687000000000001,133.19374,11.816047,SM,G9,5340.0,3.728,-0.21,5.55,-0.25,0.777,0.894,0.267,0.358,0.423,0.82,1.861,0.365,0.087,0.028999999999999998,-0.06,-0.038,-0.018000000000000002,0.9,,,4.14,3.69,5.34,,,0.8759999999999999,G9V,,,,,,,,,,108.16653826230892,0.1752,0.09499999999999977,,4.473702464377127e+31,9.645643896996797e+32,1.298580190058063e+31,2.109942005707607e+32,0.2323000000000004,0.4879999999999996,0.7707999999999995,0.7192000000000007,0.4879999999999996,15.036396213453655,14.9299,14.424051038661338,14.3914,14.201751178926294,14.2107,14.130840156673994,14.1591,14.125308264362285,14.1089,35.506666625314786
106,106,211411722,54.0,0.164124,15.1659,14.6917,14.5148,14.4511,14.4037,13.457,13.083,13.004000000000001,133.092595,11.817472,BM,G8,5490.0,3.734,-0.17,5.32,-0.17,0.737,0.8420000000000001,0.249,0.284,0.40399999999999997,0.7859999999999999,1.768,0.342,0.08199999999999999,0.027999999999999997,-0.057,-0.039,-0.018000000000000002,0.94,,,3.97,3.55,5.15,,,0.909,G8V,V  ,1.6,0.57,0.19,0.06,0.87,0.37,0.04,3.85,100.1665280070446,0.1818,0.06500000000000039,,5.45063231922809e+31,1.493933356778037e+33,1.5244349552817583e+31,2.2359406402083957e+32,0.2406000000000006,0.4529999999999994,0.7148000000000003,0.6511000000000013,0.4529999999999994,15.264773659761719,15.1659,14.723816964383238,14.6917,14.505584697935682,14.5148,14.425469697726806,14.4511,14.413215072164386,14.4037,50.52360625978947
107,107,211411723,62.0,0.103649,16.5057,15.6244,15.2276,15.0727,14.9565,13.912,13.32,13.214,133.18502800000002,11.817472,M,K6,4230.0,3.626,-0.81,7.8,-0.9,1.24,1.439,0.617,1.1840000000000002,0.759,1.42,3.1430000000000002,0.601,0.14800000000000002,0.049,,,,0.68,,,5.41,4.66,6.99,,,0.6609999999999999,K6V,,,,,,,,,,170.0980109612371,0.13219999999999998,0.15500000000000025,,7.613378808678038e+30,2.1593906887309408e+31,3.1434325238497875e+30,7.706880255224127e+30,0.5517000000000003,0.6980000000000004,1.4330000000000016,1.2781000000000002,0.6980000000000004,16.669651414535142,16.5057,15.657459656910314,15.6244,15.221145203503216,15.2276,15.027186933708885,15.0727,15.015830870876956,14.9565,107.47882577514231
108,108,211411894,45.0,0.156112,13.7582,13.4531,13.3808,13.3646,13.337,12.533,12.298,12.245,132.583853,11.819741,SM,F9,6040.0,3.781,-0.08,4.15,0.26,0.552,0.5870000000000001,0.175,0.013999999999999999,0.312,0.62,1.34,0.237,0.063,0.027000000000000003,-0.040999999999999995,-0.044000000000000004,-0.013999999999999999,1.14,9.7,0.37799999999999995,3.11,2.81,4.07,,,1.23,F9V,,,,,,,,,,125.03332888871763,0.246,0.07499999999999996,,1.5103947209743802e+32,1.7961029425428411e+34,4.287525347915312e+31,3.101759895736413e+33,0.0884999999999998,0.28800000000000026,0.39360000000000106,0.3773999999999997,0.28800000000000026,13.824921317613347,13.7582,13.481539250346836,13.4531,13.370546772652322,13.3808,13.351443261916664,13.3646,13.313109864996994,13.337,24.1582691590641
109,109,211412010,67.0,0.226654,18.4879,17.2522,16.5501,16.2389,16.0606,14.949000000000002,14.293,14.023,133.164493,11.821591999999999,M,M0.5,3800.0,3.58,-1.38,9.2,-1.27,1.4409999999999998,,0.902,1.1840000000000002,0.924,1.886,3.84,0.62,0.20800000000000002,0.13,,,,0.56,,,6.19,5.36,7.9,0.37,,0.535,M0.5V,,,,,,,,,,85.44003745101017,0.107,0.08000000000000007,,2.7441861672404844e+30,2.656630928328716e+30,9.064164601647388e+29,4.893695018525311e+29,1.0132999999999974,0.926000000000002,2.2489999999999988,1.9377999999999995,0.926000000000002,18.709854151304214,18.4879,17.282395981880892,17.2522,16.547893266556528,16.5501,16.173743616389253,16.2389,16.164529884414893,16.0606,341.9672353578425
110,110,211412571,63.0,0.290352,17.7402,16.7116,16.2148,15.9845,15.8426,14.742,14.155999999999999,14.027999999999999,132.595145,11.830032000000001,M,K7,4070.0,3.61,-0.95,8.15,-0.98,1.308,1.506,0.688,1.2209999999999999,0.8059999999999999,1.5290000000000001,3.33,0.617,0.162,0.057,,,,0.65,,,5.6,4.82,7.18,,,0.654,K7V,V  ,2.56,1.34,0.54,0.3,1.01,0.6,0.11,5.77,117.89826122396376,0.1308,0.15500000000000025,,6.020849216393901e+30,1.3942197303171907e+31,2.155679742981379e+30,4.975979829449148e+30,0.7271000000000001,0.7140000000000022,1.755700000000001,1.5254000000000012,0.7140000000000022,17.92698941182533,17.7402,16.74355184482822,16.7116,16.2097245165665,16.2148,15.932263522644332,15.9845,15.917411965532429,15.8426,330.51452164090784
111,111,211413212,50.0,0.143205,14.720999999999998,14.3273,14.2053,14.1896,14.1645,13.297,12.994000000000002,12.995999999999999,132.589892,11.839767,SM,G4,5680.0,3.754,-0.13,4.94,-0.04,0.674,0.757,0.222,0.175,0.374,0.733,1.621,0.307,0.075,0.027999999999999997,-0.052000000000000005,-0.040999999999999995,-0.013999999999999999,0.99,,,3.7,3.32,4.8,,,0.986,G4V,,,,,,,,,,30.55050462741207,0.1972,0.03000000000000025,,7.516793076292366e+31,3.3445001854313527e+33,1.6752112140178082e+31,2.3102988811470355e+32,0.13769999999999882,0.30100000000000193,0.5313999999999979,0.5156999999999989,0.30100000000000193,14.80427837557605,14.720999999999998,14.3579253558965,14.3273,14.195566821507438,14.2053,14.169725122337253,14.1896,14.158723587081438,14.1645,46.13456484545552
112,112,211413327,67.0,0.13881500000000002,18.6768,17.506,16.9156,16.6335,16.4752,15.3,14.714,14.462,132.620498,11.841414,M,M0.5,3800.0,3.58,-1.38,9.2,-1.27,1.4409999999999998,,0.902,1.1840000000000002,0.924,1.886,3.84,0.62,0.20800000000000002,0.13,,,,0.56,,,6.19,5.36,7.9,0.37,,0.535,M0.5V,,,,,,,,,,85.44003745101017,0.107,0.08000000000000007,,2.7441861672404844e+30,2.656630928328716e+30,9.064164601647388e+29,4.893695018525311e+29,0.8724999999999987,0.8380000000000011,2.0432999999999986,1.7611999999999988,0.8380000000000011,18.88410587919542,18.6768,17.536821620611498,17.506,16.912066097489255,16.9156,16.57431670061694,16.6335,16.56566446290989,16.4752,390.7717643926527
113,113,211413815,47.0,0.159709,13.8088,13.491,13.357000000000001,13.3132,13.1589,12.389000000000001,12.147,12.085,132.90769699999998,11.84918,BM,G1,5880.0,3.769,-0.1,4.5,0.13,0.604,0.6609999999999999,0.195,0.067,0.34,0.672,1.4580000000000002,0.267,0.068,0.027000000000000003,-0.044000000000000004,-0.042,-0.01,1.07,9.8,,3.38,3.04,4.4,,,1.12,G1V,,,,,,,,,,77.67453464934242,0.2240000000000001,0.16500000000000006,,1.1177216833842651e+32,8.401004635966279e+33,2.8461593949731084e+31,3.1917646267567214e+33,0.17779999999999951,0.3040000000000003,0.4955999999999996,0.4517999999999986,0.3040000000000003,13.884508945781693,13.8088,13.520703790640662,13.491,13.347025967931902,13.357000000000001,13.296315301150296,13.3132,13.145090796832699,13.1589,1604.8966401498892
114,114,211413961,51.0,0.165326,15.2899,14.8048,14.655999999999999,14.6021,14.5579,13.655999999999999,13.370999999999999,13.294,133.11762199999998,11.851586,SM,G5,5660.0,3.753,-0.13,4.98,-0.05,0.68,0.764,0.225,0.185,0.377,0.738,1.635,0.31,0.076,0.027999999999999997,-0.052000000000000005,-0.040999999999999995,-0.013999999999999999,0.98,,,3.74,3.35,4.84,,,0.982,G5V,V  ,1.49,0.49,0.16,0.06,0.78,0.29,0.03,3.54,47.258156258881655,0.1964,0.029999999999999805,,7.330444512198243e+31,3.0502204213412435e+33,1.727843339061411e+31,2.107017621757896e+32,0.2027000000000001,0.3619999999999983,0.6877999999999993,0.6339000000000006,0.3619999999999983,15.386825336785181,15.2899,14.836760159046902,14.8048,14.64671813005241,14.655999999999999,14.57716037035085,14.6021,14.565593839723109,14.5579,53.42649614678824
115,115,211414071,67.0,0.052928,19.4932,18.2294,17.4437,17.0673,16.8619,15.79,15.164000000000001,14.665,133.225207,11.853208,M,M0.5,3800.0,3.58,-1.38,9.2,-1.27,1.4409999999999998,,0.902,1.1840000000000002,0.924,1.886,3.84,0.62,0.20800000000000002,0.13,,,,0.56,,,6.19,5.36,7.9,0.37,,0.535,M0.5V,,,,,,,,,,85.44003745101017,0.107,0.08000000000000007,,2.7441861672404844e+30,2.656630928328716e+30,9.064164601647388e+29,4.893695018525311e+29,1.1620999999999988,1.125,2.425900000000002,2.049500000000002,1.125,19.724132931348397,19.4932,18.259392085623556,18.2294,17.442418820051678,17.4437,16.997874795172358,17.0673,16.97552932833982,16.8619,1481.8240643745091
116,116,211414156,60.0,0.174932,17.3508,16.4373,16.0917,15.94,15.8342,14.765,14.220999999999998,14.112,132.629352,11.854564,M,K4,4620.0,3.665,-0.55,7.04,-0.71,1.1,1.306,0.47700000000000004,1.004,0.64,1.19,2.733,0.544,0.125,0.039,-0.073,-0.031,0.009000000000000001,0.73,,,4.98,4.31,6.48,,,0.6890000000000001,K4V,V  ,2.21,1.0,0.38,0.16,1.01,0.59,0.1,5.21,209.99999999914507,0.1378,0.16000000000000014,,1.3393987013041351e+31,6.987651297062333e+31,5.700977555370194e+30,2.574345873865e+31,0.497300000000001,0.6530000000000005,1.4108,1.2591,0.6530000000000005,17.512936184508064,17.3508,16.470427310381975,16.4373,16.085147814019226,16.0917,15.895002291919667,15.94,15.892319037811545,15.8342,157.88852291009
117,117,211414403,68.0,0.086479,18.8169,17.6068,17.016,16.7506,16.602,15.482000000000001,14.764000000000001,14.520999999999999,133.119493,11.857994999999999,M,M1,3700.0,3.568,-1.44,9.69,-1.4,1.475,,0.983,1.172,0.9590000000000001,2.019,4.02,0.613,0.225,0.13699999999999998,,,,0.53,,,6.51,5.67,8.25,0.41,,0.496,M1V,V  ,2.72,1.33,0.78,0.46,1.2,0.67,0.25,6.04,76.37626158016927,0.0992,0.17499999999999982,,1.9671458383502263e+30,1.1866734460852196e+30,6.3341202864830065e+29,4.7817290276134684e+29,0.8562000000000012,0.9610000000000021,2.0663000000000022,1.8009000000000022,0.9610000000000021,19.027549627723655,18.8169,17.637456141293793,17.6068,17.01275069744274,17.016,16.690144752760112,16.7506,16.695324919551133,16.602,473.2849329665197
118,118,211414799,46.0,0.174488,13.8914,13.5683,13.5134,13.4696,13.4505,12.610999999999999,12.355,12.322000000000001,133.130899,11.864249000000001,BM,G0,5920.0,3.772,-0.09,4.45,0.14,0.596,0.65,0.191,0.057999999999999996,0.336,0.664,1.44,0.262,0.067,0.027000000000000003,-0.043,-0.043,-0.01,1.08,9.7,,3.34,3.01,4.4,,,1.12,G0V,V  ,1.3,0.38,0.14,0.02,0.71,0.28,0.0,3.18,83.26663997660192,0.2240000000000001,0.16500000000000006,,1.1600581328788684e+32,8.401004635966279e+33,2.992857567517304e+31,3.1917646267567214e+33,0.0987000000000009,0.2889999999999979,0.42180000000000106,0.3780000000000001,0.2889999999999979,13.95819456013816,13.8914,13.59675030656816,13.5683,13.503149022448163,13.5134,13.456412082927198,13.4696,13.426694445410321,13.4505,25.65853359236611
119,119,211414938,55.0,0.168448,14.9773,14.4422,14.2483,14.1876,14.1382,13.218,12.797,12.776,132.597465,11.866257000000001,BM,G9,5340.0,3.728,-0.21,5.55,-0.25,0.777,0.894,0.267,0.358,0.423,0.82,1.861,0.365,0.087,0.028999999999999998,-0.06,-0.038,-0.018000000000000002,0.9,,,4.14,3.69,5.34,,,0.8759999999999999,G9V,,,,,,,,,,108.16653826230892,0.1752,0.09499999999999977,,4.473702464377127e+31,9.645643896996797e+32,1.298580190058063e+31,2.109942005707607e+32,0.25459999999999994,0.44200000000000017,0.7896999999999998,0.7289999999999992,0.44200000000000017,15.084881259684868,14.9773,14.474916897408619,14.4422,14.239389952823622,14.2483,14.1589749083679,14.1876,14.155560266536488,14.1382,48.48296502921117
120,120,211414974,66.0,0.055759,18.4783,17.3241,16.7732,16.5432,16.399,15.28,14.652999999999999,14.47,133.11646000000002,11.866789,M,M0,3870.0,3.588,-1.16,8.91,-1.2,1.4080000000000001,1.6230000000000002,0.8320000000000001,1.204,0.889,1.766,3.68,0.626,0.193,0.122,,,,0.6,,,6.04,5.22,7.75,0.33,,0.5589999999999999,M0V,V  ,2.65,1.31,0.64,0.38,1.29,0.68,0.15,5.72,69.99999999736431,0.1118,0.08000000000000007,,3.3278371931832423e+30,3.752590928470313e+30,1.0087642760722682e+30,6.912527945600352e+29,0.7809000000000026,0.8099999999999987,1.935100000000002,1.7051000000000016,0.8099999999999987,18.68082832084999,18.4783,17.35517303861158,17.3241,16.769276801307914,16.7732,16.485755195004703,16.5432,16.485556567582922,16.399,344.6772620554769
121,121,211415085,63.0,0.187919,17.5644,16.6089,16.2435,16.0737,15.9619,14.907,14.376,14.084000000000001,132.51944699999999,11.868561,M,K7,4070.0,3.61,-0.95,8.15,-0.98,1.308,1.506,0.688,1.2209999999999999,0.8059999999999999,1.5290000000000001,3.33,0.617,0.162,0.057,,,,0.65,,,5.6,4.82,7.18,,,0.654,K7V,V  ,2.56,1.34,0.54,0.3,1.01,0.6,0.11,5.77,117.89826122396376,0.1308,0.15500000000000025,,6.020849216393901e+30,1.3942197303171907e+31,2.155679742981379e+30,4.975979829449148e+30,0.5351999999999997,0.8229999999999986,1.4907000000000004,1.3208999999999982,0.8229999999999986,17.732407793627537,17.5644,16.641795113063676,16.6089,16.237268759204632,16.2435,16.02703020838907,16.0737,16.02393575803611,15.9619,192.5862729994398
122,122,211415591,63.0,0.098312,17.0458,16.1811,15.8528,15.7474,15.6434,14.615,14.083,13.884,132.544387,11.876391,M,K7,4070.0,3.61,-0.95,8.15,-0.98,1.308,1.506,0.688,1.2209999999999999,0.8059999999999999,1.5290000000000001,3.33,0.617,0.162,0.057,,,,0.65,,,5.6,4.82,7.18,,,0.654,K7V,V  ,2.56,1.34,0.54,0.3,1.01,0.6,0.11,5.77,117.89826122396376,0.1308,0.15500000000000025,,6.020849216393901e+30,1.3942197303171907e+31,2.155679742981379e+30,4.975979829449148e+30,0.4337,0.7309999999999999,1.2983999999999989,1.1929999999999996,0.7309999999999999,17.201550309894312,17.0458,16.214432829318067,16.1811,15.84591745857306,15.8528,15.7042105031727,15.7474,15.697232562751369,15.6434,127.28621176505638
123,123,211416353,66.0,0.166851,18.102999999999998,16.9957,16.5312,16.3181,16.1886,15.217,14.463,14.273,133.180138,11.88727,M,M0,3870.0,3.588,-1.16,8.91,-1.2,1.4080000000000001,1.6230000000000002,0.8320000000000001,1.204,0.889,1.766,3.68,0.626,0.193,0.122,,,,0.6,,,6.04,5.22,7.75,0.33,,0.5589999999999999,M0V,V  ,2.65,1.31,0.64,0.38,1.29,0.68,0.15,5.72,69.99999999736431,0.1118,0.08000000000000007,,3.3278371931832423e+30,3.752590928470313e+30,1.0087642760722682e+30,6.912527945600352e+29,0.6775999999999982,0.9440000000000008,1.7848999999999968,1.5717999999999996,0.9440000000000008,18.29391902306061,18.102999999999998,17.027420743623573,16.9957,16.526408900402814,16.5312,16.264560875557336,16.3181,16.266360250243327,16.1886,280.0162091944907
124,124,211416616,63.0,0.345236,17.648,16.6622,16.2688,16.1034,15.9959,14.934000000000001,14.283,14.18,132.630248,11.891069,M,K7,4070.0,3.61,-0.95,8.15,-0.98,1.308,1.506,0.688,1.2209999999999999,0.8059999999999999,1.5290000000000001,3.33,0.617,0.162,0.057,,,,0.65,,,5.6,4.82,7.18,,,0.654,K7V,V  ,2.56,1.34,0.54,0.3,1.01,0.6,0.11,5.77,117.89826122396376,0.1308,0.15500000000000025,,6.020849216393901e+30,1.3942197303171907e+31,2.155679742981379e+30,4.975979829449148e+30,0.558799999999998,0.7540000000000013,1.544599999999999,1.3792000000000009,0.7540000000000013,17.821461693340638,17.648,16.69484786506031,16.6622,16.262882985229265,16.2688,16.055157605235916,16.1034,16.061581953310636,15.9959,151.76386345443225
125,125,211416648,62.0,0.164576,17.2198,16.3346,15.9668,15.7942,15.6877,14.652999999999999,14.113,13.940999999999999,132.619536,11.891701,M,K6,4230.0,3.626,-0.81,7.8,-0.9,1.24,1.439,0.617,1.1840000000000002,0.759,1.42,3.1430000000000002,0.601,0.14800000000000002,0.049,,,,0.68,,,5.41,4.66,6.99,,,0.6609999999999999,K6V,,,,,,,,,,170.0980109612371,0.13219999999999998,0.15500000000000025,,7.613378808678038e+30,2.1593906887309408e+31,3.1434325238497875e+30,7.706880255224127e+30,0.5403999999999982,0.7119999999999997,1.425599999999999,1.253,0.7119999999999997,17.381351490246914,17.2198,16.36774826964566,16.3346,15.96021678240066,15.9668,15.7493680839147,15.7942,15.74542827897157,15.6877,153.54765652679353
126,126,211416925,66.0,0.209398,18.8675,17.6372,16.9273,16.6019,16.4192,15.242,14.535,14.450999999999999,132.492268,11.895616,M,M0,3870.0,3.588,-1.16,8.91,-1.2,1.4080000000000001,1.6230000000000002,0.8320000000000001,1.204,0.889,1.766,3.68,0.626,0.193,0.122,,,,0.6,,,6.04,5.22,7.75,0.33,,0.5589999999999999,M0V,V  ,2.65,1.31,0.64,0.38,1.29,0.68,0.15,5.72,69.99999999736431,0.1118,0.08000000000000007,,3.3278371931832423e+30,3.752590928470313e+30,1.0087642760722682e+30,6.912527945600352e+29,1.0352999999999994,0.7910000000000021,2.265599999999999,1.9402000000000008,0.7910000000000021,19.089649316642443,18.8675,17.66738977638707,17.6372,16.925112424401426,16.9273,16.53665631206081,16.6019,16.523327509064444,16.4192,845.2154351462606
127,127,211417559,66.0,0.200055,19.0629,17.8455,17.1647,16.8673,16.698,15.605,14.793,14.712,132.583879,11.905085,M,M0,3870.0,3.588,-1.16,8.91,-1.2,1.4080000000000001,1.6230000000000002,0.8320000000000001,1.204,0.889,1.766,3.68,0.626,0.193,0.122,,,,0.6,,,6.04,5.22,7.75,0.33,,0.5589999999999999,M0V,V  ,2.65,1.31,0.64,0.38,1.29,0.68,0.15,5.72,69.99999999736431,0.1118,0.08000000000000007,,3.3278371931832423e+30,3.752590928470313e+30,1.0087642760722682e+30,6.912527945600352e+29,0.9782000000000012,0.8930000000000007,2.195599999999999,1.8981999999999992,0.8930000000000007,19.281619221277367,19.0629,17.8758085366701,17.8455,17.162181636449652,17.1647,16.803558377867507,16.8673,16.798731276457524,16.698,650.5153587067872
128,128,211417658,51.0,0.177885,15.0319,14.6027,14.4627,14.4264,14.383,13.520999999999999,13.132,13.128,132.57661299999998,11.906684,SM,G5,5660.0,3.753,-0.13,4.98,-0.05,0.68,0.764,0.225,0.185,0.377,0.738,1.635,0.31,0.076,0.027999999999999997,-0.052000000000000005,-0.040999999999999995,-0.013999999999999999,0.98,,,3.74,3.35,4.84,,,0.982,G5V,V  ,1.49,0.49,0.16,0.06,0.78,0.29,0.03,3.54,47.258156258881655,0.1964,0.029999999999999805,,7.330444512198243e+31,3.0502204213412435e+33,1.727843339061411e+31,2.107017621757896e+32,0.17630000000000126,0.3929999999999989,0.6055000000000009,0.5692000000000004,0.3929999999999989,15.121411598728617,15.0319,14.633986732706294,14.6027,14.453169927811256,14.4627,14.404161316377197,14.4264,14.383533906786205,14.383,49.1845339664007
129,129,211417817,66.0,0.147555,19.3347,18.0736,17.2969,16.926,16.7507,15.636,14.832,14.714,132.610678,11.908991,M,M0,3870.0,3.588,-1.16,8.91,-1.2,1.4080000000000001,1.6230000000000002,0.8320000000000001,1.204,0.889,1.766,3.68,0.626,0.193,0.122,,,,0.6,,,6.04,5.22,7.75,0.33,,0.5589999999999999,M0V,V  ,2.65,1.31,0.64,0.38,1.29,0.68,0.15,5.72,69.99999999736431,0.1118,0.08000000000000007,,3.3278371931832423e+30,3.752590928470313e+30,1.0087642760722682e+30,6.912527945600352e+29,1.1476000000000006,0.9219999999999988,2.408700000000003,2.0378000000000007,0.9219999999999988,19.564702259717386,19.3347,18.10360466763905,18.0736,17.295518556654688,17.2969,16.857042645186446,16.926,16.86326249847021,16.7507,896.5565389847474
130,130,211418141,70.0,0.29478200000000004,21.037,19.7946,18.6803,18.1455,17.9002,16.671,16.048,,132.59798899999998,11.913555,M,M2,3550.0,3.55,-1.65,10.3,-1.57,1.5,,1.0859999999999999,1.17,1.001,2.173,4.24,0.6,0.23399999999999999,0.11,,,,0.48,,,6.89,6.06,8.65,0.53,,0.434,M2V,V  ,2.59,1.43,0.85,0.52,1.33,0.69,0.15,6.23,76.37626158015652,0.0868,0.125,,1.1620251549648296e+30,4.724232079919543e+29,3.857144558204613e+29,1.3597432953833746e+29,1.649100000000001,,2.8915000000000006,2.3567,,21.29162277285133,21.037,19.82522547033417,19.7946,18.68195286950725,18.6803,18.06169116342396,18.1455,18.04710103755267,17.9002,873972.5351542087
131,131,211418176,52.0,0.154696,14.3909,14.0177,13.8884,13.8745,13.8437,12.968,12.665,12.562999999999999,132.61688600000002,11.914045,SM,G6,5590.0,3.747,-0.15,5.13,-0.11,0.7040000000000001,0.7959999999999999,0.235,0.22699999999999998,0.38799999999999996,0.758,1.6909999999999998,0.324,0.079,0.027999999999999997,-0.053,-0.04,-0.012,0.97,,,3.84,3.44,4.98,,,0.9390000000000001,G6V,,,,,,,,,,65.06407098382446,0.1878,0.07000000000000027,,6.202868294433728e+31,2.209689359374681e+33,1.5514085995938644e+31,3.561598445330608e+32,0.14320000000000022,0.4050000000000011,0.5164000000000009,0.5024999999999995,0.4050000000000011,14.472625927122346,14.3909,14.048146976649686,14.0177,13.878616938821564,13.8884,13.855227528423436,13.8745,13.836309550475153,13.8437,34.384122063643844
132,132,211418370,60.0,0.16628099999999998,16.8075,16.0168,15.7366,15.6253,15.5421,14.529000000000002,14.047,13.845,133.229937,11.916891,SM,K4,4620.0,3.665,-0.55,7.04,-0.71,1.1,1.306,0.47700000000000004,1.004,0.64,1.19,2.733,0.544,0.125,0.039,-0.073,-0.031,0.009000000000000001,0.73,,,4.98,4.31,6.48,,,0.6890000000000001,K4V,V  ,2.21,1.0,0.38,0.16,1.01,0.59,0.1,5.21,209.99999999914507,0.1378,0.16000000000000014,,1.3393987013041351e+31,6.987651297062333e+31,5.700977555370194e+30,2.574345873865e+31,0.3915000000000006,0.684000000000001,1.1822000000000017,1.0709000000000015,0.684000000000001,16.95115643701832,16.8075,16.050363980238824,16.0168,15.729139013667282,15.7366,15.58555554022082,15.6253,15.587610064524537,15.5421,141.58742570235145
133,133,211418464,62.0,0.160772,17.1369,16.2722,15.9436,15.8106,15.7226,14.654000000000002,14.186,13.934000000000001,132.439046,11.918463000000001,M,K6,4230.0,3.626,-0.81,7.8,-0.9,1.24,1.439,0.617,1.1840000000000002,0.759,1.42,3.1430000000000002,0.601,0.14800000000000002,0.049,,,,0.68,,,5.41,4.66,6.99,,,0.6609999999999999,K6V,,,,,,,,,,170.0980109612371,0.13219999999999998,0.15500000000000025,,7.613378808678038e+30,2.1593906887309408e+31,3.1434325238497875e+30,7.706880255224127e+30,0.4616000000000007,0.7200000000000006,1.3262999999999998,1.1933000000000007,0.7200000000000006,17.292679544150026,17.1369,16.305532010625267,16.2722,15.936718929208482,15.9436,15.767402227849992,15.8106,15.776452305768016,15.7226,137.6693398492158
134,134,211418682,68.0,0.238527,18.8525,17.6538,17.0406,16.7615,16.6078,15.556,14.890999999999998,14.609000000000002,132.43791399999998,11.9217,M,M1,3700.0,3.568,-1.44,9.69,-1.4,1.475,,0.983,1.172,0.9590000000000001,2.019,4.02,0.613,0.225,0.13699999999999998,,,,0.53,,,6.51,5.67,8.25,0.41,,0.496,M1V,V  ,2.72,1.33,0.78,0.46,1.2,0.67,0.25,6.04,76.37626158016927,0.0992,0.17499999999999982,,1.9671458383502263e+30,1.1866734460852196e+30,6.3341202864830065e+29,4.7817290276134684e+29,0.8922999999999988,0.9469999999999974,2.0909999999999966,1.8118999999999976,0.9469999999999974,19.06407076686376,18.8525,17.684412447182513,17.6538,17.03743092407731,17.0406,16.700685682456687,16.7615,16.70193287039927,16.6078,417.8342880306257
135,135,211419666,61.0,0.076446,16.9678,16.0994,15.8088,15.6866,15.5862,14.555,14.072000000000001,13.912,132.492952,11.936344,M,K5,4410.0,3.644,-0.68,7.36,-0.78,1.15,1.3730000000000002,0.525,1.081,0.685,1.272,2.883,0.568,0.132,0.042,-0.073,-0.028999999999999998,0.019,0.71,,,5.18,4.48,6.68,,,0.698,K5V,V  ,2.54,1.18,0.4,0.2,1.06,0.62,0.1,5.45,195.19221295850463,0.1396,0.16000000000000014,,1.0797876867412585e+31,4.408909906548034e+31,4.6144997107641835e+30,1.6243024363474054e+31,0.41279999999999895,0.6429999999999989,1.2812,1.1590000000000007,0.6429999999999989,17.12022202449257,16.9678,16.132818224028824,16.0994,15.801752414893821,15.8088,15.644353465676902,15.6866,15.637775126394391,15.5862,159.39387783069643
136,136,211420247,67.0,0.273834,18.8014,17.6162,17.0194,16.7429,16.5857,15.467,14.797,14.481,132.465196,11.944541000000001,M,M0.5,3800.0,3.58,-1.38,9.2,-1.27,1.4409999999999998,,0.902,1.1840000000000002,0.924,1.886,3.84,0.62,0.20800000000000002,0.13,,,,0.56,,,6.19,5.36,7.9,0.37,,0.535,M0.5V,,,,,,,,,,85.44003745101017,0.107,0.08000000000000007,,2.7441861672404844e+30,2.656630928328716e+30,9.064164601647388e+29,4.893695018525311e+29,0.8733000000000004,0.9860000000000008,2.058500000000002,1.7819999999999998,0.9860000000000008,19.010461553455443,18.8014,17.646933466545438,17.6162,17.016014248745442,17.0194,16.683054866544794,16.7429,16.67765258537688,16.5857,399.5536849608421
137,137,211420394,46.0,0.150255,13.7102,13.472000000000001,13.366,13.3104,13.2701,12.463,12.189,12.155,132.500105,11.946691,SM,G0,5920.0,3.772,-0.09,4.45,0.14,0.596,0.65,0.191,0.057999999999999996,0.336,0.664,1.44,0.262,0.067,0.027000000000000003,-0.043,-0.043,-0.01,1.08,9.7,,3.34,3.01,4.4,,,1.12,G0V,V  ,1.3,0.38,0.14,0.02,0.71,0.28,0.0,3.18,83.26663997660192,0.2240000000000001,0.16500000000000006,,1.1600581328788684e+32,8.401004635966279e+33,2.992857567517304e+31,3.1917646267567214e+33,0.16160000000000174,0.30799999999999983,0.3998000000000008,0.3442000000000007,0.30799999999999983,13.772849041534805,13.7102,13.499805047261233,13.472000000000001,13.355622259001196,13.366,13.298997825369494,13.3104,13.241443613178337,13.2701,28.75437010095175
138,138,211420874,64.0,0.327131,17.8024,16.7764,16.365,16.1745,16.0497,14.96,14.347000000000001,14.205,132.542408,11.953513000000001,M,K8,4000.0,3.602,-1.03,8.47,-1.1,1.3559999999999999,1.5619999999999998,0.7509999999999999,1.216,0.843,1.632,3.487,0.623,0.17600000000000002,0.081,,,,0.63,,,5.78,4.98,7.44,,,0.5870000000000001,K8V,,,,,,,,,,65.06407098365453,0.11740000000000002,0.13000000000000034,,4.388824163257169e+30,7.661807289480494e+30,1.2739350639832152e+30,2.2934552225196235e+30,0.6019000000000005,0.7550000000000008,1.6279000000000003,1.4374000000000002,0.7550000000000008,17.981225970431694,17.8024,16.808780478198184,16.7764,16.359408468299662,16.365,16.124681571819146,16.1745,16.119004241032282,16.0497,210.9936381213375
139,139,211420952,66.0,0.335721,18.7051,17.5359,16.9358,16.6725,16.5069,15.513,14.737,14.589,132.54830900000002,11.954516,M,M0,3870.0,3.588,-1.16,8.91,-1.2,1.4080000000000001,1.6230000000000002,0.8320000000000001,1.204,0.889,1.766,3.68,0.626,0.193,0.122,,,,0.6,,,6.04,5.22,7.75,0.33,,0.5589999999999999,M0V,V  ,2.65,1.31,0.64,0.38,1.29,0.68,0.15,5.72,69.99999999736431,0.1118,0.08000000000000007,,3.3278371931832423e+30,3.752590928470313e+30,1.0087642760722682e+30,6.912527945600352e+29,0.8634000000000022,0.9239999999999996,2.032600000000002,1.7693000000000012,0.9239999999999996,18.913090575885253,18.7051,17.566686928895688,17.5359,16.932323541933304,16.9358,16.613060135887938,16.6725,16.59794128948311,16.5069,402.19099839142274
140,140,211421327,59.0,0.07935,16.6003,15.8564,15.5978,15.4837,15.4049,14.409,13.811,13.834000000000001,133.12988700000002,11.960402,SM,K3,4830.0,3.684,-0.41,6.57,-0.58,0.98,1.15,0.376,0.7759999999999999,0.537,1.013,2.38,0.483,0.109,0.033,-0.071,-0.031,-0.008,0.78,,,4.76,4.16,6.16,,,0.7290000000000001,K3V,V  ,2.1,0.85,0.32,0.13,0.99,0.58,0.01,4.94,209.99999999915192,0.1458,0.14000000000000012,,1.9224915655288019e+31,1.459927281870955e+32,7.876361928480843e+30,4.706249514527933e+31,0.3727,0.5749999999999993,1.1166,1.0025000000000013,0.5749999999999993,16.737006463028592,16.6003,15.889990616462187,15.8564,15.59003105675906,15.5978,15.445974682485941,15.4837,15.445436835568906,15.4049,122.93189326071884
141,141,211421905,54.0,0.180466,15.2211,14.7497,14.6006,14.5569,14.5235,13.675999999999998,13.263,13.219000000000001,133.197652,11.969059,SM,G8,5490.0,3.734,-0.17,5.32,-0.17,0.737,0.8420000000000001,0.249,0.284,0.40399999999999997,0.7859999999999999,1.768,0.342,0.08199999999999999,0.027999999999999997,-0.057,-0.039,-0.018000000000000002,0.94,,,3.97,3.55,5.15,,,0.909,G8V,V  ,1.6,0.57,0.19,0.06,0.87,0.37,0.04,3.85,100.1665280070446,0.1818,0.06500000000000039,,5.45063231922809e+31,1.493933356778037e+33,1.5244349552817583e+31,2.2359406402083957e+32,0.19280000000000008,0.4569999999999972,0.6641999999999992,0.6204999999999998,0.4569999999999972,15.316500928216676,15.2211,14.7815316463334,14.7497,14.591266451572777,14.6006,14.532506227300384,14.5569,14.5297515647397,14.5235,52.65177122849126
142,142,211422418,59.0,0.062051,15.8248,15.2236,14.9801,14.8884,14.8119,13.853,13.417,13.297,132.58813999999998,11.976902,BM,K3,4830.0,3.684,-0.41,6.57,-0.58,0.98,1.15,0.376,0.7759999999999999,0.537,1.013,2.38,0.483,0.109,0.033,-0.071,-0.031,-0.008,0.78,,,4.76,4.16,6.16,,,0.7290000000000001,K3V,V  ,2.1,0.85,0.32,0.13,0.99,0.58,0.01,4.94,209.99999999915192,0.1458,0.14000000000000012,,1.9224915655288019e+31,1.459927281870955e+32,7.876361928480843e+30,4.706249514527933e+31,0.3351999999999986,0.5559999999999992,0.936399999999999,0.8446999999999996,0.5559999999999992,15.94497053585014,15.8248,15.256900941206073,15.2236,14.971657449124365,14.9801,14.855687999090257,14.8884,14.839808111990507,14.8119,57.309518813000395
143,143,211422813,66.0,0.299671,18.8932,17.6827,17.0683,16.7832,16.6335,15.591,14.834000000000001,14.681,132.50093600000002,11.982667999999999,M,M0,3870.0,3.588,-1.16,8.91,-1.2,1.4080000000000001,1.6230000000000002,0.8320000000000001,1.204,0.889,1.766,3.68,0.626,0.193,0.122,,,,0.6,,,6.04,5.22,7.75,0.33,,0.5589999999999999,M0V,V  ,2.65,1.31,0.64,0.38,1.29,0.68,0.15,5.72,69.99999999736431,0.1118,0.08000000000000007,,3.3278371931832423e+30,3.752590928470313e+30,1.0087642760722682e+30,6.912527945600352e+29,0.8994999999999997,0.91,2.1099999999999994,1.8248999999999995,0.91,19.10585643463672,18.8932,17.71326212606555,17.6827,17.065226515458907,17.0683,16.721957434278185,16.7832,16.7285968112898,16.6335,4534.037080871938
144,144,211423010,54.0,0.181672,15.3058,14.8243,14.6732,14.6286,14.5968,13.700999999999999,13.333,13.276,132.589044,11.9858,SM,G8,5490.0,3.734,-0.17,5.32,-0.17,0.737,0.8420000000000001,0.249,0.284,0.40399999999999997,0.7859999999999999,1.768,0.342,0.08199999999999999,0.027999999999999997,-0.057,-0.039,-0.018000000000000002,0.94,,,3.97,3.55,5.15,,,0.909,G8V,V  ,1.6,0.57,0.19,0.06,0.87,0.37,0.04,3.85,100.1665280070446,0.1818,0.06500000000000039,,5.45063231922809e+31,1.493933356778037e+33,1.5244349552817583e+31,2.2359406402083957e+32,0.19569999999999865,0.4249999999999989,0.6771999999999991,0.6326,0.4249999999999989,15.402577697401973,15.3058,14.856247936634785,14.8243,14.663913109634507,14.6732,14.603713025774812,14.6286,14.604354822601154,14.5968,62.745854719009
145,145,211423302,55.0,0.25652,15.5558,15.0288,14.8548,14.8005,14.7549,13.866,13.44,13.390999999999998,133.108914,11.989965,SM,G9,5340.0,3.728,-0.21,5.55,-0.25,0.777,0.894,0.267,0.358,0.423,0.82,1.861,0.365,0.087,0.028999999999999998,-0.06,-0.038,-0.018000000000000002,0.9,,,4.14,3.69,5.34,,,0.8759999999999999,G9V,,,,,,,,,,108.16653826230892,0.1752,0.09499999999999977,,4.473702464377127e+31,9.645643896996797e+32,1.298580190058063e+31,2.109942005707607e+32,0.2283000000000009,0.4750000000000014,0.7553000000000001,0.7010000000000005,0.4750000000000014,15.66027324053483,15.5558,15.06132153020358,15.0288,14.84577946915858,14.8548,14.772927032221098,14.8005,14.769514200385409,14.7549,67.84706199710779
146,146,211423883,47.0,0.170191,14.128,13.7718,13.6823,13.6705,13.6452,12.82,12.578,12.497,132.541442,11.998322,SM,G1,5880.0,3.769,-0.1,4.5,0.13,0.604,0.6609999999999999,0.195,0.067,0.34,0.672,1.4580000000000002,0.267,0.068,0.027000000000000003,-0.044000000000000004,-0.042,-0.01,1.07,9.8,,3.38,3.04,4.4,,,1.12,G1V,,,,,,,,,,77.67453464934242,0.2240000000000001,0.16500000000000006,,1.1177216833842651e+32,8.401004635966279e+33,2.8461593949731084e+31,3.1917646267567214e+33,0.10130000000000017,0.3230000000000004,0.4574999999999996,0.4457000000000004,0.3230000000000004,14.202979171675649,14.128,13.801408030427721,13.7718,13.672303043823158,13.6823,13.653910715836062,13.6705,13.630594466032948,13.6452,24.784989626971086
147,147,211424343,60.0,0.259403,16.643,15.8905,15.6143,15.517000000000001,15.4398,14.450999999999999,13.907,13.755,133.304852,12.005257,M,K4,4620.0,3.665,-0.55,7.04,-0.71,1.1,1.306,0.47700000000000004,1.004,0.64,1.19,2.733,0.544,0.125,0.039,-0.073,-0.031,0.009000000000000001,0.73,,,4.98,4.31,6.48,,,0.6890000000000001,K4V,V  ,2.21,1.0,0.38,0.16,1.01,0.59,0.1,5.21,209.99999999914507,0.1378,0.16000000000000014,,1.3393987013041351e+31,6.987651297062333e+31,5.700977555370194e+30,2.574345873865e+31,0.37349999999999817,0.695999999999998,1.1259999999999994,1.0287000000000006,0.695999999999998,16.782383771496225,16.643,15.924090154698458,15.8905,15.606647757296345,15.6143,15.478492079026662,15.517000000000001,15.482272608584733,15.4398,234.34499680096755
148,148,211424429,66.0,0.155691,19.5595,18.3542,17.6564,17.3519,17.1844,16.086,15.578,15.137,133.20525800000001,12.006608,M,M0,3870.0,3.588,-1.16,8.91,-1.2,1.4080000000000001,1.6230000000000002,0.8320000000000001,1.204,0.889,1.766,3.68,0.626,0.193,0.122,,,,0.6,,,6.04,5.22,7.75,0.33,,0.5589999999999999,M0V,V  ,2.65,1.31,0.64,0.38,1.29,0.68,0.15,5.72,69.99999999736431,0.1118,0.08000000000000007,,3.3278371931832423e+30,3.752590928470313e+30,1.0087642760722682e+30,6.912527945600352e+29,1.0022999999999982,0.948999999999998,2.2076,1.9030999999999985,0.948999999999998,19.77862101755633,19.5595,18.38449360554869,18.3542,17.653919742985337,17.6564,17.287985896310758,17.3519,17.285520859167768,17.1844,2540.4055499933083
149,149,211425363,63.0,0.063334,17.2544,16.1917,15.7353,15.5301,15.415999999999999,14.344000000000001,13.728,13.571,133.220152,12.021009,M,K7,4070.0,3.61,-0.95,8.15,-0.98,1.308,1.506,0.688,1.2209999999999999,0.8059999999999999,1.5290000000000001,3.33,0.617,0.162,0.057,,,,0.65,,,5.6,4.82,7.18,,,0.654,K7V,V  ,2.56,1.34,0.54,0.3,1.01,0.6,0.11,5.77,117.89826122396376,0.1308,0.15500000000000025,,6.020849216393901e+30,1.3942197303171907e+31,2.155679742981379e+30,4.975979829449148e+30,0.6616000000000017,0.7730000000000015,1.7243000000000013,1.5191,0.7730000000000015,17.440625070749455,17.2544,16.223683102922617,16.1917,15.730186573920864,15.7353,15.478038675820649,15.5301,15.490414675574186,15.415999999999999,158.14304892169847
150,150,211425595,64.0,0.226307,18.2885,17.1807,16.6629,16.4499,16.3046,15.192,14.523,14.475,133.111386,12.024726,M,K8,4000.0,3.602,-1.03,8.47,-1.1,1.3559999999999999,1.5619999999999998,0.7509999999999999,1.216,0.843,1.632,3.487,0.623,0.17600000000000002,0.081,,,,0.63,,,5.78,4.98,7.44,,,0.5870000000000001,K8V,,,,,,,,,,65.06407098365453,0.11740000000000002,0.13000000000000034,,4.388824163257169e+30,7.661807289480494e+30,1.2739350639832152e+30,2.2934552225196235e+30,0.7308000000000021,0.7170000000000005,1.8386,1.6255999999999986,0.7170000000000005,18.484149192286946,18.2885,17.21215404301591,17.1807,16.658449847155424,16.6629,16.394817525434778,16.4499,16.385841718736323,16.3046,328.03059575379024
151,151,211425760,63.0,0.348364,17.3486,16.2895,15.8282,15.6163,15.4915,14.402000000000001,13.725,13.626,133.054696,12.027169,M,K7,4070.0,3.61,-0.95,8.15,-0.98,1.308,1.506,0.688,1.2209999999999999,0.8059999999999999,1.5290000000000001,3.33,0.617,0.162,0.057,,,,0.65,,,5.6,4.82,7.18,,,0.654,K7V,V  ,2.56,1.34,0.54,0.3,1.01,0.6,0.11,5.77,117.89826122396376,0.1308,0.15500000000000025,,6.020849216393901e+30,1.3942197303171907e+31,2.155679742981379e+30,4.975979829449148e+30,0.6731999999999996,0.7760000000000016,1.7323000000000004,1.5204000000000004,0.7760000000000016,17.534941593948087,17.3486,16.321476657050727,16.2895,15.823094390436006,15.8282,15.564202563701189,15.6163,15.565996605151902,15.4915,141.60863536128878
152,152,211425896,60.0,0.186085,16.3005,15.6403,15.3932,15.2996,15.2455,14.257,13.800999999999998,13.665,133.02528,12.029361,M,K4,4620.0,3.665,-0.55,7.04,-0.71,1.1,1.306,0.47700000000000004,1.004,0.64,1.19,2.733,0.544,0.125,0.039,-0.073,-0.031,0.009000000000000001,0.73,,,4.98,4.31,6.48,,,0.6890000000000001,K4V,V  ,2.21,1.0,0.38,0.16,1.01,0.59,0.1,5.21,209.99999999914507,0.1378,0.16000000000000014,,1.3393987013041351e+31,6.987651297062333e+31,5.700977555370194e+30,2.574345873865e+31,0.3407,0.5920000000000005,1.0008999999999997,0.9072999999999992,0.5920000000000005,16.427316049628892,16.3005,15.673779920923055,15.6403,15.385019084726375,15.3932,15.264831224855847,15.2996,15.278634689825935,15.2455,83.50227162277847
153,153,211426502,67.0,0.181558,19.4536,18.2352,17.4306,17.0697,16.8889,15.755999999999998,15.020999999999999,14.911,132.993426,12.03858,M,M0.5,3800.0,3.58,-1.38,9.2,-1.27,1.4409999999999998,,0.902,1.1840000000000002,0.924,1.886,3.84,0.62,0.20800000000000002,0.13,,,,0.56,,,6.19,5.36,7.9,0.37,,0.535,M0.5V,,,,,,,,,,85.44003745101017,0.107,0.08000000000000007,,2.7441861672404844e+30,2.656630928328716e+30,9.064164601647388e+29,4.893695018525311e+29,1.165499999999998,0.8449999999999989,2.383900000000001,2.0230000000000032,0.8449999999999989,19.68242177279561,19.4536,18.265223711331863,18.2352,17.429092858836857,17.4306,17.001327214793697,17.0697,17.000130869936473,16.8889,1175.2171748637156
154,154,211426999,55.0,0.208158,15.128,14.6554,14.4911,14.4267,14.3929,13.485999999999999,13.079,13.001,133.20353799999998,12.046645,SM,G9,5340.0,3.728,-0.21,5.55,-0.25,0.777,0.894,0.267,0.358,0.423,0.82,1.861,0.365,0.087,0.028999999999999998,-0.06,-0.038,-0.018000000000000002,0.9,,,4.14,3.69,5.34,,,0.8759999999999999,G9V,,,,,,,,,,108.16653826230892,0.1752,0.09499999999999977,,4.473702464377127e+31,9.645643896996797e+32,1.298580190058063e+31,2.109942005707607e+32,0.2286999999999999,0.4849999999999994,0.7012999999999998,0.6369000000000007,0.4849999999999994,15.225265837598679,15.128,14.68738816467586,14.6554,14.481829721359418,14.4911,14.401639102672661,14.4267,14.400913911385794,14.3929,49.30184415234604
155,155,211427009,61.0,0.19985,16.8604,16.0663,15.7661,15.6459,15.5648,14.545,13.977,13.844000000000001,132.41415800000001,12.046826,SM,K5,4410.0,3.644,-0.68,7.36,-0.78,1.15,1.3730000000000002,0.525,1.081,0.685,1.272,2.883,0.568,0.132,0.042,-0.073,-0.028999999999999998,0.019,0.71,,,5.18,4.48,6.68,,,0.698,K5V,V  ,2.54,1.18,0.4,0.2,1.06,0.62,0.1,5.45,195.19221295850463,0.1396,0.16000000000000014,,1.0797876867412585e+31,4.408909906548034e+31,4.6144997107641835e+30,1.6243024363474054e+31,0.4203999999999989,0.7009999999999987,1.2144999999999992,1.0942999999999987,0.7009999999999987,17.006404817107306,16.8604,16.099836728618687,16.0663,15.75874689625505,15.7661,15.605481380557716,15.6459,15.611954987372409,15.5648,124.61329040499301
156,156,211427268,49.0,0.220567,13.8904,13.5725,13.4609,13.4518,13.4399,12.65,12.365,12.321,132.78776399999998,12.050613,SM,G3,5720.0,3.757,-0.12,4.86,-0.01,0.6609999999999999,0.7390000000000001,0.217,0.152,0.368,0.722,1.59,0.299,0.07400000000000001,0.027999999999999997,-0.05,-0.04,-0.013999999999999999,1.0,,,3.64,3.27,4.74,,,1.01,G3V,,,,,,,,,,45.0924975244228,0.202,0.13999999999999968,,8.084412725349285e+31,3.84e+33,1.886067167850175e+31,1.2378697459935962e+33,0.12069999999999935,0.3290000000000006,0.4385999999999992,0.4294999999999991,0.3290000000000006,13.963434948296944,13.8904,13.601846955315851,13.5725,13.45084220301898,13.4609,13.436003969625867,13.4518,13.423153895725674,13.4399,25.897981081354555
157,157,211427431,63.0,0.08441,19.1251,17.8998,17.1808,16.8447,16.6697,15.512,14.894,14.777999999999999,133.067201,12.052854,M,K7,4070.0,3.61,-0.95,8.15,-0.98,1.308,1.506,0.688,1.2209999999999999,0.8059999999999999,1.5290000000000001,3.33,0.617,0.162,0.057,,,,0.65,,,5.6,4.82,7.18,,,0.654,K7V,V  ,2.56,1.34,0.54,0.3,1.01,0.6,0.11,5.77,117.89826122396376,0.1308,0.15500000000000025,,6.020849216393901e+30,1.3942197303171907e+31,2.155679742981379e+30,4.975979829449148e+30,1.0550999999999997,0.7340000000000018,2.2804,1.9442999999999984,0.7340000000000018,19.347582490769394,19.1251,17.929979345053894,17.8998,17.17864522479276,17.1808,16.779306743472162,16.8447,16.7741661444612,16.6697,614.6949864862908
158,158,211427574,49.0,0.188794,13.8791,13.6366,13.4578,13.4757,13.4552,12.582,12.347000000000001,12.288,132.905624,12.055409,SM,G3,5720.0,3.757,-0.12,4.86,-0.01,0.6609999999999999,0.7390000000000001,0.217,0.152,0.368,0.722,1.59,0.299,0.07400000000000001,0.027999999999999997,-0.05,-0.04,-0.013999999999999999,1.0,,,3.64,3.27,4.74,,,1.01,G3V,,,,,,,,,,45.0924975244228,0.202,0.13999999999999968,,8.084412725349285e+31,3.84e+33,1.886067167850175e+31,1.2378697459935962e+33,0.16089999999999982,0.2940000000000005,0.4033999999999995,0.4212999999999987,0.2940000000000005,13.95114742638472,13.8791,13.665811027568312,13.6366,13.447711425457726,13.4578,13.460310371329587,13.4757,13.437356000931883,13.4552,21.841792713945612
159,159,211427666,63.0,0.188252,18.0536,16.977999999999998,16.5114,16.2994,16.1544,15.085,14.537,14.229000000000001,133.124639,12.056957,M,K7,4070.0,3.61,-0.95,8.15,-0.98,1.308,1.506,0.688,1.2209999999999999,0.8059999999999999,1.5290000000000001,3.33,0.617,0.162,0.057,,,,0.65,,,5.6,4.82,7.18,,,0.654,K7V,V  ,2.56,1.34,0.54,0.3,1.01,0.6,0.11,5.77,117.89826122396376,0.1308,0.15500000000000025,,6.020849216393901e+30,1.3942197303171907e+31,2.155679742981379e+30,4.975979829449148e+30,0.6785999999999994,0.8559999999999999,1.7542000000000009,1.5422000000000011,0.8559999999999999,18.241890046140156,18.0536,17.009868285696676,16.977999999999998,16.506426473225837,16.5114,16.246694545282914,16.2994,16.230274650292646,16.1544,279.9241358897826
160,160,211427784,49.0,0.132955,14.0981,13.7457,13.6696,13.6472,13.6306,12.785,12.54,12.46,132.97161699999998,12.058889,SM,G3,5720.0,3.757,-0.12,4.86,-0.01,0.6609999999999999,0.7390000000000001,0.217,0.152,0.368,0.722,1.59,0.299,0.07400000000000001,0.027999999999999997,-0.05,-0.04,-0.013999999999999999,1.0,,,3.64,3.27,4.74,,,1.01,G3V,,,,,,,,,,45.0924975244228,0.202,0.13999999999999968,,8.084412725349285e+31,3.84e+33,1.886067167850175e+31,1.2378697459935962e+33,0.0984999999999996,0.3249999999999993,0.4509000000000008,0.4284999999999997,0.3249999999999993,14.171014641691398,14.0981,13.775030515428117,13.7457,13.659538449067496,13.6696,13.631453354162787,13.6472,13.613720527197142,13.6306,24.277094316809528
161,161,211427873,59.0,0.180886,15.6569,15.1085,14.9313,14.8817,14.8397,13.91,13.562000000000001,13.434000000000001,132.719295,12.060278,SM,K3,4830.0,3.684,-0.41,6.57,-0.58,0.98,1.15,0.376,0.7759999999999999,0.537,1.013,2.38,0.483,0.109,0.033,-0.071,-0.031,-0.008,0.78,,,4.76,4.16,6.16,,,0.7290000000000001,K3V,V  ,2.1,0.85,0.32,0.13,0.99,0.58,0.01,4.94,209.99999999915192,0.1458,0.14000000000000012,,1.9224915655288019e+31,1.459927281870955e+32,7.876361928480843e+30,4.706249514527933e+31,0.226799999999999,0.4759999999999991,0.7751999999999999,0.7256,0.4759999999999991,15.764105150873187,15.6569,15.141194352882145,15.1085,14.922376487581667,14.9313,14.853201266535576,14.8817,14.856731079764804,14.8397,172.43789225178108
162,162,211427940,47.0,0.125014,13.8276,13.4941,13.3981,13.4084,13.4077,12.610999999999999,12.333,12.265,132.70259,12.061484,SM,G1,5880.0,3.769,-0.1,4.5,0.13,0.604,0.6609999999999999,0.195,0.067,0.34,0.672,1.4580000000000002,0.267,0.068,0.027000000000000003,-0.044000000000000004,-0.042,-0.01,1.07,9.8,,3.38,3.04,4.4,,,1.12,G1V,,,,,,,,,,77.67453464934242,0.2240000000000001,0.16500000000000006,,1.1177216833842651e+32,8.401004635966279e+33,2.8461593949731084e+31,3.1917646267567214e+33,0.08569999999999922,0.3459999999999983,0.4192,0.4295000000000009,0.3459999999999983,13.900634948296945,13.8276,13.523446955315853,13.4941,13.388042203018978,13.3981,13.392603969625867,13.4084,13.390953895725675,13.4077,20.888937068717166
163,163,211428054,66.0,0.230004,18.8562,17.6948,16.9925,16.6752,16.4994,15.369000000000002,14.689,14.575999999999999,132.963729,12.063222,M,M0,3870.0,3.588,-1.16,8.91,-1.2,1.4080000000000001,1.6230000000000002,0.8320000000000001,1.204,0.889,1.766,3.68,0.626,0.193,0.122,,,,0.6,,,6.04,5.22,7.75,0.33,,0.5589999999999999,M0V,V  ,2.65,1.31,0.64,0.38,1.29,0.68,0.15,5.72,69.99999999736431,0.1118,0.08000000000000007,,3.3278371931832423e+30,3.752590928470313e+30,1.0087642760722682e+30,6.912527945600352e+29,1.0196000000000005,0.7930000000000028,2.181000000000001,1.8637000000000008,0.7930000000000028,19.072077955258667,18.8562,17.72522112746196,17.6948,16.989716904445096,16.9925,16.612653081017207,16.6752,16.597435440276822,16.4994,614.1769530503561
164,164,211428172,46.0,0.172599,14.419,14.0446,13.9212,13.9106,13.8933,13.009,12.732000000000001,12.675,133.00652,12.065056,SM,G0,5920.0,3.772,-0.09,4.45,0.14,0.596,0.65,0.191,0.057999999999999996,0.336,0.664,1.44,0.262,0.067,0.027000000000000003,-0.043,-0.043,-0.01,1.08,9.7,,3.34,3.01,4.4,,,1.12,G0V,V  ,1.3,0.38,0.14,0.02,0.71,0.28,0.0,3.18,83.26663997660192,0.2240000000000001,0.16500000000000006,,1.1600581328788684e+32,8.401004635966279e+33,2.992857567517304e+31,3.1917646267567214e+33,0.13400000000000034,0.33399999999999963,0.5084,0.4977999999999998,0.33399999999999963,14.500171761821914,14.419,14.074981977030586,14.0446,13.911399196010228,13.9212,13.891543908333569,13.9106,13.885329253032682,13.8933,36.336276582284555
165,165,211428454,55.0,0.193326,15.3022,14.8226,14.6728,14.6266,14.5756,13.716,13.331,13.239,132.810465,12.06906,SM,G9,5340.0,3.728,-0.21,5.55,-0.25,0.777,0.894,0.267,0.358,0.423,0.82,1.861,0.365,0.087,0.028999999999999998,-0.06,-0.038,-0.018000000000000002,0.9,,,4.14,3.69,5.34,,,0.8759999999999999,G9V,,,,,,,,,,108.16653826230892,0.1752,0.09499999999999977,,4.473702464377127e+31,9.645643896996797e+32,1.298580190058063e+31,2.109942005707607e+32,0.19599999999999973,0.4769999999999986,0.6755999999999993,0.6293999999999986,0.4769999999999986,15.398614047838535,15.3022,14.854517626908624,14.8226,14.663500758013306,14.6728,14.60184291339556,14.6266,14.582811801185093,14.5756,55.78322777565418
166,166,211428580,51.0,0.213862,14.945,14.5184,14.3716,14.3415,14.3023,13.424000000000001,13.114,13.046,132.87815700000002,12.071135,SM,G5,5660.0,3.753,-0.13,4.98,-0.05,0.68,0.764,0.225,0.185,0.377,0.738,1.635,0.31,0.076,0.027999999999999997,-0.052000000000000005,-0.040999999999999995,-0.013999999999999999,0.98,,,3.74,3.35,4.84,,,0.982,G5V,V  ,1.49,0.49,0.16,0.06,0.78,0.29,0.03,3.54,47.258156258881655,0.1964,0.029999999999999805,,7.330444512198243e+31,3.0502204213412435e+33,1.727843339061411e+31,2.107017621757896e+32,0.17689999999999986,0.3780000000000019,0.6035000000000004,0.5733999999999995,0.3780000000000019,15.034996967480431,14.945,14.549734566403725,14.5184,14.362085945746806,14.3716,14.319080874751752,14.3415,14.303313999652323,14.3023,45.98864715387087
167,167,211428762,58.0,0.140333,15.7293,15.1813,14.9875,14.9427,14.8893,14.008,13.561,13.437999999999999,132.917821,12.073563,SM,K2,5040.0,3.702,-0.29,6.19,-0.47,0.884,1.035,0.326,0.581,0.48200000000000004,0.92,2.1319999999999997,0.4270000000000001,0.098,0.031,-0.068,-0.037000000000000005,-0.009000000000000001,0.82,,,4.57,4.04,5.88,,,0.763,K2V,V  ,1.95,0.78,0.24,0.11,0.99,0.51,0.07,4.5,171.56145643173974,0.1526,0.11499999999999976,,2.590843001718146e+31,2.7818340866879635e+32,9.295182171823656e+30,7.366221154068958e+31,0.2385999999999999,0.5700000000000003,0.7866,0.7417999999999996,0.5700000000000003,15.838294007348294,15.7293,15.214098896062767,15.1813,14.97864077280001,14.9875,14.913602601936974,14.9427,14.907889192841008,14.8893,56.62792418581425
168,168,211429032,67.0,0.26732,17.9891,16.9072,16.429000000000002,16.2018,16.0624,15.02,14.387,14.139000000000001,132.605428,12.077577999999999,M,M0.5,3800.0,3.58,-1.38,9.2,-1.27,1.4409999999999998,,0.902,1.1840000000000002,0.924,1.886,3.84,0.62,0.20800000000000002,0.13,,,,0.56,,,6.19,5.36,7.9,0.37,,0.535,M0.5V,,,,,,,,,,85.44003745101017,0.107,0.08000000000000007,,2.7441861672404844e+30,2.656630928328716e+30,9.064164601647388e+29,4.893695018525311e+29,0.7054000000000009,0.8809999999999985,1.787300000000002,1.5600999999999985,0.8809999999999985,18.17898214029795,17.9891,16.938979070686347,16.9072,16.424136362826946,16.429000000000002,16.14859158987067,16.2018,16.139412730719215,16.0624,195.26810936242273
169,169,211429238,63.0,0.278193,17.197,16.3159,15.970999999999998,15.8071,15.6747,14.724,14.110999999999999,13.929,132.82147,12.081046,M,K7,4070.0,3.61,-0.95,8.15,-0.98,1.308,1.506,0.688,1.2209999999999999,0.8059999999999999,1.5290000000000001,3.33,0.617,0.162,0.057,,,,0.65,,,5.6,4.82,7.18,,,0.654,K7V,V  ,2.56,1.34,0.54,0.3,1.01,0.6,0.11,5.77,117.89826122396376,0.1308,0.15500000000000025,,6.020849216393901e+30,1.3942197303171907e+31,2.155679742981379e+30,4.975979829449148e+30,0.5087999999999989,0.7949999999999999,1.389899999999999,1.2260000000000009,0.7949999999999999,17.355952266092082,17.197,16.349136338042086,16.3159,15.964280777122074,15.970999999999998,15.763004286453599,15.8071,15.73068765080616,15.6747,168.07388578868492
170,170,211429534,65.0,0.129859,17.5272,16.4618,15.9986,15.7934,15.6627,14.4,13.812999999999999,13.637,132.636673,12.085761,M,K9,3940.0,3.595,-1.1,8.69,-1.18,1.382,1.5930000000000002,0.7909999999999999,1.21,0.866,1.699,3.5839999999999996,0.625,0.184,0.10099999999999999,,,,0.61,,,5.92,5.11,7.59,,,0.552,K9V,,,,,,,,,,65.06407098364788,0.1104,0.13000000000000034,,3.445833136046475e+30,5.424144171351381e+30,1.0090987698143525e+30,1.6236419564565546e+30,0.6684000000000001,0.7629999999999999,1.7338000000000005,1.5286000000000008,0.7629999999999999,17.71427572560739,17.5272,16.493735949397006,16.4618,15.99354384959032,15.9986,15.741074410621662,15.7934,15.737714007699342,15.6627,205.94428655414342
171,171,211429563,44.0,0.069521,14.0991,13.7581,13.6513,13.6538,13.6303,,,,132.594084,12.086274000000001,BM,F8,6170.0,3.79,-0.07,4.01,0.31,0.53,0.5579999999999999,0.16699999999999998,0.001,0.3,0.599,1.29,0.225,0.061,0.027000000000000003,-0.039,-0.044000000000000004,-0.016,1.18,9.6,0.35,3.01,2.72,3.96,,,1.25,F8V,V  ,1.22,0.36,0.1,0.03,0.74,0.23,0.0,2.98,101.4889156492575,0.25,0.08000000000000007,,1.686098570197289e+32,2.3138288105255362e+34,4.478814526596846e+31,4.2622301814849974e+33,0.10430000000000028,,0.4452999999999996,0.4477999999999991,,14.174330547748331,14.0991,13.787741153409504,13.7581,13.641310934719145,13.6513,13.637108814544964,13.6538,13.615969207096024,13.6303,54.788214480112664
172,172,211429903,64.0,0.059349,18.5029,17.3445,16.7983,16.5459,16.4079,15.335999999999999,14.592,14.515,133.160769,12.091211,M,K8,4000.0,3.602,-1.03,8.47,-1.1,1.3559999999999999,1.5619999999999998,0.7509999999999999,1.216,0.843,1.632,3.487,0.623,0.17600000000000002,0.081,,,,0.63,,,5.78,4.98,7.44,,,0.5870000000000001,K8V,,,,,,,,,,65.06407098365453,0.11740000000000002,0.13000000000000034,,4.388824163257169e+30,7.661807289480494e+30,1.2739350639832152e+30,2.2934552225196235e+30,0.7986000000000004,0.820999999999998,1.9570000000000007,1.7045999999999992,0.820999999999998,18.70538545860881,18.5029,17.375575356775215,17.3445,16.794373397842136,16.7983,16.488470403748508,16.5459,16.494422378049528,16.4079,423.51340490252744
173,173,211430012,49.0,0.182419,14.1744,13.8275,13.7135,13.7109,13.7016,12.835,12.59,12.491,132.73834,12.093447,SM,G3,5720.0,3.757,-0.12,4.86,-0.01,0.6609999999999999,0.7390000000000001,0.217,0.152,0.368,0.722,1.59,0.299,0.07400000000000001,0.027999999999999997,-0.05,-0.04,-0.013999999999999999,1.0,,,3.64,3.27,4.74,,,1.01,G3V,,,,,,,,,,45.0924975244228,0.202,0.13999999999999968,,8.084412725349285e+31,3.84e+33,1.886067167850175e+31,1.2378697459935962e+33,0.11660000000000005,0.3440000000000012,0.4634999999999998,0.4609000000000005,0.3440000000000012,14.251195284240403,14.1744,13.857344081569794,13.8275,13.703560183879747,13.7135,13.693577896752293,13.7109,13.688969022268493,13.7016,26.569589866400726
174,174,211430257,60.0,0.183836,16.7615,15.9731,15.6941,15.5863,15.5,14.495999999999999,14.015,13.784,132.579282,12.097342,M,K4,4620.0,3.665,-0.55,7.04,-0.71,1.1,1.306,0.47700000000000004,1.004,0.64,1.19,2.733,0.544,0.125,0.039,-0.073,-0.031,0.009000000000000001,0.73,,,4.98,4.31,6.48,,,0.6890000000000001,K4V,V  ,2.21,1.0,0.38,0.16,1.01,0.59,0.1,5.21,209.99999999914507,0.1378,0.16000000000000014,,1.3393987013041351e+31,6.987651297062333e+31,5.700977555370194e+30,2.574345873865e+31,0.3868000000000009,0.711999999999998,1.175200000000002,1.067400000000001,0.711999999999998,16.904803913093907,16.7615,16.006667295406896,15.9731,15.686622991766374,15.6941,15.546657049227186,15.5863,15.545261704282007,15.5,138.48346059804206
175,175,211430274,59.0,0.217274,16.0755,15.4462,15.2123,15.1204,15.0457,14.091,13.67,13.513,132.91565400000002,12.097722000000001,SM,K3,4830.0,3.684,-0.41,6.57,-0.58,0.98,1.15,0.376,0.7759999999999999,0.537,1.013,2.38,0.483,0.109,0.033,-0.071,-0.031,-0.008,0.78,,,4.76,4.16,6.16,,,0.7290000000000001,K3V,V  ,2.1,0.85,0.32,0.13,0.99,0.58,0.01,4.94,209.99999999915192,0.1458,0.14000000000000012,,1.9224915655288019e+31,1.459927281870955e+32,7.876361928480843e+30,4.706249514527933e+31,0.3257999999999992,0.5779999999999994,0.9551000000000016,0.8632000000000009,0.5779999999999994,16.197646396781508,16.0755,15.479563239025982,15.4462,15.203934070516544,15.2123,15.087069850254286,15.1204,15.07518514829414,15.0457,60.09962730861815
176,176,211430472,64.0,0.181867,16.9488,16.0988,15.7432,15.5908,15.4853,14.514000000000001,13.849,13.692,132.714651,12.101034,M,K8,4000.0,3.602,-1.03,8.47,-1.1,1.3559999999999999,1.5619999999999998,0.7509999999999999,1.216,0.843,1.632,3.487,0.623,0.17600000000000002,0.081,,,,0.63,,,5.78,4.98,7.44,,,0.5870000000000001,K8V,,,,,,,,,,65.06407098365453,0.11740000000000002,0.13000000000000034,,4.388824163257169e+30,7.661807289480494e+30,1.2739350639832152e+30,2.2934552225196235e+30,0.5080000000000009,0.8220000000000011,1.3579999999999988,1.205599999999999,0.8220000000000011,17.105776159183456,16.9488,16.13209750237642,16.0988,15.736379445843939,15.7432,15.547263552113815,15.5908,15.53995930190215,15.4853,120.85454807773124
177,177,211430648,58.0,0.10583499999999996,15.949000000000002,15.365,15.155999999999999,15.0819,15.0319,14.113,13.657,13.517000000000001,133.093698,12.103947,M,K2,5040.0,3.702,-0.29,6.19,-0.47,0.884,1.035,0.326,0.581,0.48200000000000004,0.92,2.1319999999999997,0.4270000000000001,0.098,0.031,-0.068,-0.037000000000000005,-0.009000000000000001,0.82,,,4.57,4.04,5.88,,,0.763,K2V,V  ,1.95,0.78,0.24,0.11,0.99,0.51,0.07,4.5,171.56145643173974,0.1526,0.11499999999999976,,2.590843001718146e+31,2.7818340866879635e+32,9.295182171823656e+30,7.366221154068958e+31,0.283100000000001,0.5959999999999983,0.8671000000000024,0.7930000000000028,0.5959999999999983,16.06359497029031,15.949000000000002,15.39808269321406,15.365,15.14734619246906,15.155999999999999,15.050965058492697,15.0819,15.055246495443368,15.0319,127.46030604338803
